  2.3604648e-003 -1.9197623e-001
 -1.0058674e-002 -2.2864538e-001
  1.0956721e-002  2.4120216e-001
 -9.7768861e-003 -1.0558379e-001
 -1.7182803e-003 -7.6688061e-002
  8.0867453e-003  3.5371425e-002
 -3.8349961e-003 -1.9341339e-001
  6.9190787e-003 -2.5662925e-001
 -3.2833898e-003 -3.0395673e-001
  7.1444976e-003 -3.0333531e-001
  1.8182593e-001  1.1480475e-001
  1.7499547e-001  2.5857916e-002
  1.7378070e-001  1.9473361e-001
  1.8053836e-001  1.0843861e-001
  1.7836369e-001 -1.4273672e-001
  1.6601465e-001 -1.4679482e-002
  1.8091935e-001  3.0865799e-002
  1.7876495e-001 -2.3260004e-001
  1.6861595e-001 -4.9835464e-001
  1.8778952e-001  3.1255105e-002
  1.7177599e-001 -3.0509012e-001
  1.8778375e-001 -1.2126540e-001
  1.6760833e-001 -7.1836988e-001
  1.7596764e-001 -2.0912295e-001
  1.8643378e-001 -7.0571656e-001
  1.6831917e-001 -4.9043807e-001
  1.6591038e-001 -1.7388662e-001
  1.7266211e-001 -4.2442812e-001
  1.8373782e-001 -3.7183320e-001
  1.8891034e-001 -4.5279774e-001
  1.6697204e-001 -8.2598822e-001
  1.8537315e-001 -7.9173977e-001
  1.8821499e-001 -9.7405389e-001
  1.7844691e-001 -4.1316650e-001
  1.7235158e-001 -5.1640393e-001
  1.7659822e-001 -9.0207716e-001
  1.8536225e-001 -8.0188291e-001
  1.7666930e-001 -5.0643365e-001
  1.8190361e-001 -4.1475270e-001
  1.6949825e-001 -8.6322529e-001
  1.8603950e-001 -4.9144206e-001
  1.8231357e-001 -6.0120681e-001
  1.6642722e-001 -8.8975474e-001
  1.8464266e-001 -9.8017226e-001
  1.7794617e-001 -7.4745611e-001
  1.8487782e-001 -9.4455098e-001
  1.7581209e-001 -6.1590669e-001
  1.6722208e-001 -5.8501037e-001
  1.7012206e-001 -6.5639013e-001
  1.6758457e-001 -4.5755174e-001
  1.8222405e-001 -9.3268345e-001
  1.8105934e-001 -5.5337127e-001
  1.7199172e-001 -9.5620397e-001
  1.8061715e-001 -6.3551825e-001
  1.8819696e-001 -6.7942978e-001
  1.8390317e-001 -1.0515119e+000
  1.8467146e-001 -7.0918820e-001
  1.6865190e-001 -5.4386864e-001
  1.7524867e-001 -5.2852130e-001
  1.7323645e-001 -9.0061118e-001
  1.8548915e-001 -9.1690586e-001
  1.6806880e-001 -8.6139846e-001
  1.8414022e-001 -7.0072468e-001
  1.8220895e-001 -7.8611087e-001
  1.8049120e-001 -5.0111645e-001
  1.6638025e-001 -1.1053710e+000
  1.8132407e-001 -1.0095061e+000
  1.7242895e-001 -1.0105341e+000
  1.7733957e-001 -5.5747911e-001
  1.8305301e-001 -6.6750311e-001
  1.7096609e-001 -7.0856272e-001
  1.7758642e-001 -9.3581579e-001
  1.8319506e-001 -8.6035542e-001
  1.6850920e-001 -9.9374977e-001
  1.8129857e-001 -5.1933546e-001
  1.6624966e-001 -5.5910395e-001
  1.7311644e-001 -9.8791390e-001
  1.7977784e-001 -9.1658554e-001
  1.8560871e-001 -1.0800173e+000
  9.4189014e-001 -6.1501743e-001
  9.2215988e-001 -8.6157017e-001
  9.3345470e-001 -9.8443703e-001
  9.3245075e-001 -1.4153533e+000
  9.3553870e-001 -1.2375167e+000
  9.3351346e-001 -1.3614079e+000
  9.2796510e-001 -1.8989573e+000
  9.3437490e-001 -2.6738636e+000
  9.3429910e-001 -2.6068966e+000
  9.4329667e-001 -3.2784559e+000
  9.3115236e-001 -3.4414437e+000
  9.4161160e-001 -3.7962614e+000
  9.4485536e-001 -4.3233953e+000
  9.4004315e-001 -4.2785084e+000
  9.3357697e-001 -4.8198014e+000
  9.3363450e-001 -5.0023162e+000
  9.3180397e-001 -4.8185998e+000
  9.3166148e-001 -5.6412618e+000
  9.4281742e-001 -5.8379420e+000
  9.2802190e-001 -5.8508485e+000
  9.3826450e-001 -6.2461982e+000
  9.3491622e-001 -5.9857328e+000
  9.2632707e-001 -6.2457966e+000
  9.2489014e-001 -6.2562103e+000
  9.4044099e-001 -6.6315020e+000
  9.4046788e-001 -6.4267826e+000
  9.2778690e-001 -6.8174865e+000
  9.3751852e-001 -6.8245083e+000
  9.4549626e-001 -6.8968959e+000
  9.2488772e-001 -7.0225250e+000
  9.3095618e-001 -7.0664512e+000
  9.3674998e-001 -7.2321902e+000
  9.2865130e-001 -7.0936551e+000
  9.2987179e-001 -7.1968353e+000
  9.3878290e-001 -7.1940725e+000
  9.4459787e-001 -7.1329408e+000
  9.2401796e-001 -7.4490839e+000
  9.3436193e-001 -7.0986152e+000
  9.3693769e-001 -7.7630272e+000
  9.4167778e-001 -7.5515883e+000
  9.2175798e-001 -7.2733380e+000
  9.4458984e-001 -7.6440274e+000
  9.2748115e-001 -7.3006467e+000
  9.4429230e-001 -7.4658308e+000
  9.3618743e-001 -7.9187898e+000
  9.2854358e-001 -7.8331142e+000
  9.3254933e-001 -7.5373391e+000
  9.3162654e-001 -7.3919412e+000
  9.4141570e-001 -7.8762428e+000
  9.2221201e-001 -7.8428704e+000
  9.3787143e-001 -7.4376617e+000
  9.2539227e-001 -7.8899669e+000
  9.2917179e-001 -7.4875003e+000
  9.3392078e-001 -7.4604591e+000
  9.2667819e-001 -7.6592476e+000
  9.2468773e-001 -7.6097186e+000
  9.3565632e-001 -7.4912441e+000
  9.4161364e-001 -7.9751492e+000
  9.3088316e-001 -7.7101434e+000
  9.3281852e-001 -7.5843199e+000
  9.3153447e-001 -7.9064187e+000
  9.3704845e-001 -7.5976805e+000
  9.2557332e-001 -7.7217081e+000
  9.3550990e-001 -7.6769489e+000
  9.4091806e-001 -7.4980441e+000
  9.2799645e-001 -7.4040931e+000
  9.2684868e-001 -8.0696682e+000
  9.4201945e-001 -7.5778782e+000
  9.4334126e-001 -7.7144652e+000
  4.2227942e-001 -7.4092114e+000
  4.1687995e-001 -7.8191692e+000
  4.1705061e-001 -7.5487069e+000
  4.2834839e-001 -7.6794270e+000
  4.1734825e-001 -7.5023162e+000
  4.2408723e-001 -7.2358552e+000
  4.2413531e-001 -6.4912887e+000
  4.2065890e-001 -6.8167394e+000
  4.1647762e-001 -6.2651178e+000
  4.1664234e-001 -5.6626916e+000
  4.2408111e-001 -5.5752820e+000
  4.2392352e-001 -5.0347860e+000
  4.2057839e-001 -5.0535544e+000
  4.3279958e-001 -4.8988739e+000
  4.2144381e-001 -4.3187430e+000
  4.3705888e-001 -4.0074999e+000
  4.3784541e-001 -3.9758399e+000
  4.3711990e-001 -4.2305884e+000
  4.2067766e-001 -3.6559989e+000
  4.2855129e-001 -3.6189433e+000
  4.3452776e-001 -3.7520094e+000
  4.1948031e-001 -3.0712331e+000
  4.3622986e-001 -2.9624798e+000
  4.3150570e-001 -3.3338795e+000
  4.3699331e-001 -2.8334203e+000
  4.2671216e-001 -2.7426656e+000
  4.1803944e-001 -2.5501569e+000
  4.3222867e-001 -2.4700211e+000
  4.2203776e-001 -2.2977996e+000
  4.1772530e-001 -2.5339536e+000
  4.2543680e-001 -2.6282197e+000
  4.1610898e-001 -2.4915861e+000
  4.2477230e-001 -2.3904593e+000
  4.2009369e-001 -2.1035856e+000
  4.1728635e-001 -1.9860092e+000
  4.3249312e-001 -2.4539634e+000
  4.2596241e-001 -2.0154906e+000
  4.2963058e-001 -2.0456286e+000
  4.2829069e-001 -1.9222969e+000
  4.1914613e-001 -2.1985752e+000
  4.2222728e-001 -1.9687613e+000
  4.3878870e-001 -1.9816868e+000
  4.3051458e-001 -1.8508726e+000
  4.2342457e-001 -2.2448683e+000
  4.2203308e-001 -1.8768207e+000
  4.1884480e-001 -1.7534951e+000
  4.2322461e-001 -2.2895633e+000
  4.3009172e-001 -1.8392803e+000
  4.2091219e-001 -1.6458126e+000
  4.3548749e-001 -1.5984154e+000
  4.3267064e-001 -2.1654938e+000
  4.3140072e-001 -1.7932139e+000
  4.3563389e-001 -2.1760905e+000
  4.2143122e-001 -2.0097549e+000
  4.1752638e-001 -2.2129478e+000
  4.3687546e-001 -1.5952466e+000
  4.1607937e-001 -1.8522497e+000
  4.1745697e-001 -1.7249159e+000
  4.3890393e-001 -1.9303893e+000
  4.1894750e-001 -2.0436099e+000
  4.2320665e-001 -2.1771152e+000
  4.3120763e-001 -2.0903078e+000
  4.3870856e-001 -1.6368578e+000
  4.3515854e-001 -2.0424589e+000
  4.3221624e-001 -2.1485828e+000
  4.3660892e-001 -1.7278559e+000
  4.3145365e-001 -1.8985685e+000
  4.3150686e-001 -1.8052989e+000
  4.3025898e-001 -1.9435161e+000
 -5.2452315e-001 -1.6927105e+000
 -5.1950907e-001 -1.8951152e+000
 -5.0846109e-001 -1.5421694e+000
 -5.0345873e-001 -1.3239514e+000
 -5.0873066e-001 -1.3037172e+000
 -5.1026142e-001 -7.2559362e-001
 -5.0404920e-001 -1.6225660e-001
 -5.2181337e-001 -1.8017803e-001
 -5.0292593e-001  1.8804411e-001
 -5.1416114e-001  9.5541052e-001
 -5.1177834e-001  1.0500569e+000
 -5.0832912e-001  1.8082142e+000
 -5.2153795e-001  2.1272264e+000
 -5.0223708e-001  2.6761517e+000
 -5.1918063e-001  2.9421005e+000
 -5.0221158e-001  3.5450634e+000
 -5.1700826e-001  3.5592632e+000
 -5.1485225e-001  3.9780986e+000
 -5.0613524e-001  4.5010649e+000
 -5.1486020e-001  4.7612978e+000
 -5.1500529e-001  4.7456240e+000
 -5.0741934e-001  4.7503757e+000
 -5.2071237e-001  5.0391653e+000
 -5.0603181e-001  5.4975665e+000
 -5.2069374e-001  5.8230069e+000
 -5.1058780e-001  5.6172889e+000
 -5.0201025e-001  6.0223600e+000
 -5.0213275e-001  5.8687730e+000
 -5.1057361e-001  5.7426653e+000
 -5.1978351e-001  5.9501170e+000
 -5.0806752e-001  6.1415427e+000
 -5.2576863e-001  6.5069340e+000
 -5.1387897e-001  6.1033538e+000
 -5.1985773e-001  6.7203366e+000
 -5.2466484e-001  6.4422016e+000
 -5.1009774e-001  6.7853612e+000
 -5.2295438e-001  6.4398017e+000
 -5.0366138e-001  6.7904809e+000
 -5.2048605e-001  6.8913912e+000
 -5.1961615e-001  6.7169234e+000
 -5.1726111e-001  6.6233625e+000
 -5.2139927e-001  7.1320120e+000
 -5.1478618e-001  6.7579826e+000
 -5.1887264e-001  6.6122656e+000
 -5.2453959e-001  6.9787725e+000
 -5.2144924e-001  6.9679207e+000
 -5.1126563e-001  6.9223885e+000
 -5.1152703e-001  6.6615140e+000
 -5.0547190e-001  6.9869336e+000
 -5.1561869e-001  6.7273504e+000
 -5.0407293e-001  6.7333531e+000
 -5.1459413e-001  7.0239488e+000
 -5.2409134e-001  7.2787403e+000
 -5.1928691e-001  6.8935932e+000
 -5.2538078e-001  6.8959031e+000
 -5.1493555e-001  6.8754613e+000
 -5.0438234e-001  6.7636628e+000
 -5.0441629e-001  6.9887033e+000
 -5.0565526e-001  7.1191257e+000
 -5.1919162e-001  7.0927632e+000
 -5.2156552e-001  7.1028507e+000
 -5.1676680e-001  6.7813164e+000
 -5.2190662e-001  6.8144752e+000
 -5.0996638e-001  7.4214688e+000
 -5.2375942e-001  7.1226530e+000
 -5.1261185e-001  6.9142507e+000
 -5.2153865e-001  6.8494352e+000
 -5.0276979e-001  7.1384414e+000
 -5.0732427e-001  6.9688433e+000
  5.4104527e-001  7.1167339e+000
  5.5097158e-001  6.9588457e+000
  5.5015827e-001  6.8419682e+000
  5.4648456e-001  6.5638780e+000
  5.3046353e-001  6.0763173e+000
  5.5211308e-001  6.2034201e+000
  5.4571844e-001  5.6906751e+000
  5.4332145e-001  5.3286534e+000
  5.3821410e-001  4.4862912e+000
  5.3491816e-001  3.9668459e+000
  5.3308601e-001  3.7363109e+000
  5.3864971e-001  3.3151963e+000
  5.3384579e-001  2.8683465e+000
  5.4352723e-001  2.1222611e+000
  5.3133997e-001  1.8891429e+000
  5.3696534e-001  1.5954226e+000
  5.3870287e-001  8.9024711e-001
  5.5225939e-001  9.2635306e-001
  5.4966671e-001  6.3938708e-001
  5.3105531e-001  2.3552021e-001
  5.3820288e-001  5.6969282e-002
  5.3168265e-001 -4.8685468e-001
  5.4274727e-001 -7.6228186e-001
  5.3191758e-001 -9.1588389e-001
  5.4117993e-001 -8.5661921e-001
  5.4564033e-001 -8.7927327e-001
  5.2905794e-001 -1.3859916e+000
  5.3573800e-001 -1.5105083e+000
  5.3643018e-001 -1.3982849e+000
  5.3868238e-001 -1.7729900e+000
  5.3626406e-001 -1.8463564e+000
  5.4977336e-001 -1.5170069e+000
  5.4831534e-001 -1.5178493e+000
  5.3974241e-001 -2.0939225e+000
  5.4381528e-001 -1.6698880e+000
  5.4001986e-001 -2.0234792e+000
  5.3781638e-001 -2.1645323e+000
  5.3167078e-001 -2.2810666e+000
  5.3443491e-001 -2.2463262e+000
  5.3750787e-001 -1.9600937e+000
  5.3450754e-001 -2.3076451e+000
  5.5064147e-001 -2.2252115e+000
  5.3168862e-001 -2.3223489e+000
  5.3212835e-001 -2.0745104e+000
  5.4766858e-001 -2.3996932e+000
  5.4070823e-001 -2.4150866e+000
  5.4528566e-001 -2.1473387e+000
  5.4743873e-001 -2.2234579e+000
  5.4445415e-001 -2.6638364e+000
  5.3219856e-001 -2.6142094e+000
  5.4652791e-001 -2.7245246e+000
  5.5013938e-001 -2.6497669e+000
  5.4045857e-001 -2.6192821e+000
  5.3175066e-001 -2.4943176e+000
  5.3564365e-001 -2.3127181e+000
  5.4175074e-001 -2.7360448e+000
  5.3625941e-001 -2.7431605e+000
  5.4349843e-001 -2.8223439e+000
  5.3171003e-001 -2.4111607e+000
  5.4746503e-001 -2.6849566e+000
  5.3512103e-001 -2.6960198e+000
  5.3481799e-001 -2.3949547e+000
  5.3772504e-001 -2.4249793e+000
  5.4588194e-001 -2.6345362e+000
  5.3652798e-001 -2.8322703e+000
  5.4991585e-001 -2.5738358e+000
  5.3508782e-001 -2.3645129e+000
  5.4049399e-001 -2.6466510e+000
  5.5108816e-001 -2.3933080e+000
  4.0270568e-001 -2.3785485e+000
  4.1433358e-001 -2.7945348e+000
  4.0164754e-001 -2.8104050e+000
  4.1136444e-001 -2.3815862e+000
  4.0940390e-001 -2.3251910e+000
  3.9455234e-001 -2.2868044e+000
  3.9869910e-001 -2.3011067e+000
  4.1065092e-001 -2.3262213e+000
  3.9569313e-001 -2.5078659e+000
  3.9247596e-001 -2.1097767e+000
  3.9305750e-001 -2.0902648e+000
  3.9827774e-001 -1.9833836e+000
  4.1490409e-001 -2.4762690e+000
  4.0253426e-001 -1.8370588e+000
  4.1280901e-001 -2.4051006e+000
  3.9949546e-001 -2.4185833e+000
  3.9649421e-001 -1.8645272e+000
  4.0227125e-001 -1.9729654e+000
  4.1415336e-001 -2.2059024e+000
  4.1186976e-001 -1.6212095e+000
  4.0100122e-001 -2.0877995e+000
  4.0237811e-001 -1.5870248e+000
  4.0569069e-001 -1.5854545e+000
  4.1529149e-001 -1.8032283e+000
  4.1153066e-001 -1.7331446e+000
  4.0138384e-001 -1.8448540e+000
  4.0810596e-001 -2.1355320e+000
  3.9691090e-001 -2.0745605e+000
  3.9432536e-001 -1.9954568e+000
  4.1478599e-001 -2.0079764e+000
  3.9995786e-001 -1.9540938e+000
  4.0013301e-001 -1.4689115e+000
  4.0359074e-001 -1.5822846e+000
  4.1142456e-001 -1.6548584e+000
  4.0517189e-001 -1.8083103e+000
  4.0385083e-001 -1.7990580e+000
  4.1093252e-001 -1.5434347e+000
  3.9667179e-001 -1.4390477e+000
  3.9269140e-001 -1.8737979e+000
  4.0974515e-001 -1.7475866e+000
  4.0119745e-001 -1.5932013e+000
  4.0527855e-001 -2.0763324e+000
  3.9426056e-001 -1.8053546e+000
  4.0923361e-001 -1.8808964e+000
  4.0811147e-001 -1.7552991e+000
  4.0510321e-001 -1.8519886e+000
  3.9729109e-001 -1.5629710e+000
  4.1264429e-001 -1.8405295e+000
  3.9285577e-001 -1.5140743e+000
  3.9904005e-001 -1.4648406e+000
  4.1512298e-001 -1.7900658e+000
  4.0244791e-001 -1.7548323e+000
  3.9877756e-001 -1.6630316e+000
  4.0327541e-001 -1.5345588e+000
  4.0213100e-001 -1.5045915e+000
  4.0626871e-001 -1.4417911e+000
  4.1121488e-001 -1.4209180e+000
  3.9755932e-001 -1.8464461e+000
  4.0901118e-001 -1.7086441e+000
  3.9337436e-001 -2.0168646e+000
  4.0611293e-001 -1.7807638e+000
  3.9901017e-001 -1.4556330e+000
  4.0288338e-001 -1.7531569e+000
  4.0207098e-001 -1.4974971e+000
  4.0491766e-001 -1.4320770e+000
  3.9543891e-001 -1.6816667e+000
  4.0621324e-001 -2.0073770e+000
  4.1446801e-001 -1.5559070e+000
  3.9675833e-001 -1.5261267e+000
 -3.2247881e-001 -1.7363926e+000
 -3.1535014e-001 -1.9044719e+000
 -3.0985498e-001 -1.7971404e+000
 -3.2534825e-001 -1.6967168e+000
 -3.1773678e-001 -1.3880393e+000
 -3.1589723e-001 -9.3806402e-001
 -3.1899750e-001 -8.3379232e-001
 -3.2537741e-001 -6.5490134e-001
 -3.1919149e-001 -5.3502935e-001
 -3.2562920e-001 -3.4768275e-001
 -3.1283079e-001 -1.8460290e-001
 -3.1046053e-001  6.1118350e-001
 -3.3120013e-001  2.9421490e-001
 -3.1201749e-001  5.2874901e-001
 -3.3062068e-001  1.0479544e+000
 -3.1512358e-001  1.3102323e+000
 -3.1245114e-001  1.1270584e+000
 -3.1580104e-001  1.7022526e+000
 -3.2258210e-001  1.9654609e+000
 -3.3176551e-001  1.6937855e+000
 -3.1477297e-001  2.1912173e+000
 -3.3034765e-001  1.6823368e+000
 -3.3204858e-001  2.4323709e+000
 -3.2521673e-001  2.3849012e+000
 -3.2874090e-001  2.6688488e+000
 -3.2420341e-001  2.3589384e+000
 -3.1286535e-001  2.4581110e+000
 -3.1142369e-001  2.5526300e+000
 -3.1334784e-001  2.5103373e+000
 -3.2630410e-001  2.7248955e+000
 -3.0860801e-001  2.6122027e+000
 -3.2934844e-001  3.0041179e+000
 -3.2367642e-001  2.8382730e+000
 -3.2886576e-001  3.1445499e+000
 -3.2561785e-001  2.7941636e+000
 -3.2412497e-001  2.6336031e+000
 -3.2221001e-001  2.7079451e+000
 -3.1199965e-001  3.2455402e+000
 -3.1473863e-001  2.9987574e+000
 -3.3060686e-001  3.3067483e+000
 -3.2564994e-001  2.8267736e+000
 -3.1542405e-001  3.0681534e+000
 -3.2613035e-001  2.7769793e+000
 -3.1271231e-001  2.9083643e+000
 -3.1700761e-001  3.0528563e+000
 -3.2087850e-001  2.8973757e+000
 -3.2107851e-001  3.2775068e+000
 -3.1160561e-001  2.8764880e+000
 -3.2008510e-001  2.9768611e+000
 -3.2913169e-001  3.1080686e+000
 -3.3090832e-001  3.0420135e+000
 -3.2515784e-001  3.1553573e+000
 -3.1787320e-001  3.2551044e+000
 -3.2653786e-001  3.4960981e+000
 -3.1275241e-001  3.1788017e+000
 -3.3024757e-001  3.0303197e+000
 -3.3001657e-001  3.0976758e+000
 -3.2719036e-001  3.1074631e+000
 -3.0845922e-001  3.4987231e+000
 -3.2372989e-001  3.1211028e+000
 -3.2433827e-001  3.0979642e+000
 -3.1552128e-001  3.2304529e+000
 -3.3194605e-001  3.3564711e+000
 -3.0862592e-001  2.8925029e+000
 -3.1542706e-001  3.3236787e+000
 -3.1504467e-001  2.9786157e+000
 -3.2371642e-001  3.0681275e+000
 -3.0939473e-001  3.3826115e+000
 -3.1974170e-001  2.8981865e+000
 -8.6407930e-001  3.4529790e+000
 -8.6335967e-001  3.1426515e+000
 -8.6052996e-001  3.7494826e+000
 -8.5662586e-001  3.7049357e+000
 -8.7014129e-001  4.3867289e+000
 -8.7322095e-001  5.4430859e+000
 -8.5868791e-001  6.1600996e+000
 -8.6826927e-001  7.1762333e+000
 -8.6998078e-001  7.5645383e+000
 -8.6504294e-001  8.4152647e+000
 -8.7191284e-001  9.4255455e+000
 -8.5692597e-001  1.0041050e+001
 -8.7701269e-001  1.0927320e+001
 -8.6772158e-001  1.1967527e+001
 -8.7069248e-001  1.2103417e+001
 -8.6116835e-001  1.3303828e+001
 -8.5573357e-001  1.3566062e+001
 -8.6659181e-001  1.4480134e+001
 -8.6752245e-001  1.4497872e+001
 -8.5575255e-001  1.4975147e+001
 -8.6683579e-001  1.5895519e+001
 -8.6812241e-001  1.6065431e+001
 -8.6707250e-001  1.6485910e+001
 -8.6058422e-001  1.6988730e+001
 -8.6548414e-001  1.7149663e+001
 -8.5939653e-001  1.7671093e+001
 -8.7767812e-001  1.7370655e+001
 -8.5802491e-001  1.7669918e+001
 -8.6566623e-001  1.8163772e+001
 -8.7106114e-001  1.8267633e+001
 -8.7085622e-001  1.8309416e+001
 -8.7616387e-001  1.8909460e+001
 -8.6697608e-001  1.8588980e+001
 -8.6173711e-001  1.8977129e+001
 -8.7612886e-001  1.8828454e+001
 -8.7515206e-001  1.9286239e+001
 -8.5529583e-001  1.9224128e+001
 -8.7686656e-001  1.9693932e+001
 -8.7161361e-001  1.9570055e+001
 -8.5701717e-001  1.9221757e+001
 -8.6912077e-001  1.9672511e+001
 -8.5548381e-001  1.9569580e+001
 -8.7204489e-001  1.9925401e+001
 -8.5663985e-001  1.9851758e+001
 -8.6061246e-001  1.9912887e+001
 -8.7090284e-001  1.9517532e+001
 -8.7266581e-001  2.0032818e+001
 -8.6488833e-001  1.9687056e+001
 -8.7317803e-001  1.9701118e+001
 -8.6000763e-001  1.9774883e+001
 -8.5957672e-001  2.0153871e+001
 -8.7794473e-001  1.9993316e+001
 -8.5850704e-001  2.0050994e+001
 -8.7185552e-001  1.9933739e+001
 -8.6196476e-001  2.0337109e+001
 -8.6789793e-001  2.0171629e+001
 -8.5727435e-001  2.0182749e+001
 -8.6851590e-001  2.0412390e+001
 -8.6065805e-001  2.0027031e+001
 -8.7552920e-001  2.0419431e+001
 -8.6582994e-001  1.9908731e+001
 -8.6115977e-001  2.0291105e+001
 -8.5869786e-001  2.0467778e+001
 -8.6629809e-001  2.0000518e+001
 -8.7180342e-001  1.9963571e+001
 -8.5740738e-001  2.0359063e+001
 -8.5817906e-001  2.0323735e+001
 -8.6132153e-001  1.9916956e+001
 -8.6383015e-001  2.0085453e+001
  2.2486543e-001  2.0396218e+001
  2.3689236e-001  2.0329195e+001
  2.2900295e-001  1.9956442e+001
  2.3314276e-001  1.8988073e+001
  2.2733376e-001  1.8823813e+001
  2.3524208e-001  1.7934701e+001
  2.3275238e-001  1.6928649e+001
  2.3534488e-001  1.5358321e+001
  2.1985107e-001  1.4198113e+001
  2.2136856e-001  1.3679759e+001
  2.3314610e-001  1.2316399e+001
  2.2529431e-001  1.1166183e+001
  2.2593258e-001  1.0304559e+001
  2.1974326e-001  9.8064740e+000
  2.2668987e-001  8.4314651e+000
  2.3301287e-001  7.9732552e+000
  2.1894592e-001  7.4979713e+000
  2.1929838e-001  6.6309480e+000
  2.3437613e-001  6.0803122e+000
  2.2004711e-001  5.5399457e+000
  2.2491668e-001  4.6343930e+000
  2.2737026e-001  3.9911164e+000
  2.3080609e-001  3.6019563e+000
  2.3181634e-001  2.9173806e+000
  2.2186235e-001  2.7876901e+000
  2.2163155e-001  2.7116535e+000
  2.2660919e-001  1.9602990e+000
  2.2580076e-001  1.5461209e+000
  2.3115802e-001  1.7457928e+000
  2.1576601e-001  9.9128531e-001
  2.3123737e-001  1.3375490e+000
  2.2073044e-001  1.1293862e+000
  2.3371728e-001  8.2397033e-001
  2.1723759e-001  2.9242485e-001
  2.1846895e-001  1.8116983e-001
  2.2773886e-001  5.1531943e-001
  2.2242280e-001  1.1445536e-001
  2.2967693e-001  9.8621667e-002
  2.3352172e-001 -1.0139076e-001
  2.3673052e-001 -2.5907626e-001
  2.3394236e-001 -1.5024586e-001
  2.3809118e-001 -1.9138471e-001
  2.1882277e-001 -4.4373499e-001
  2.2766187e-001 -7.2606843e-001
  2.1859594e-001 -7.1310044e-001
  2.3304548e-001 -9.1091874e-001
  2.3798122e-001 -7.3876530e-001
  2.2865968e-001 -5.8693369e-001
  2.3813422e-001 -5.7031098e-001
  2.2248707e-001 -9.8147080e-001
  2.1766252e-001 -9.9437972e-001
  2.3784635e-001 -1.1235387e+000
  2.3540884e-001 -1.0667224e+000
  2.3404645e-001 -9.7004232e-001
  2.3023605e-001 -1.1632562e+000
  2.3843757e-001 -8.7668756e-001
  2.1866038e-001 -8.7593480e-001
  2.1623996e-001 -7.2083678e-001
  2.2999595e-001 -9.4333148e-001
  2.2521158e-001 -9.5951222e-001
  2.3865620e-001 -6.4825940e-001
  2.3892456e-001 -6.8993379e-001
  2.2968100e-001 -6.1337482e-001
  2.3308799e-001 -1.2761771e+000
  2.3022115e-001 -6.8655826e-001
  2.2356222e-001 -1.1696586e+000
  2.3868709e-001 -7.7621322e-001
  2.2874759e-001 -1.3149899e+000
  2.3675773e-001 -1.2151448e+000
 -1.1138548e-001 -8.6528703e-001
 -9.8467990e-002 -6.5620659e-001
 -9.9110990e-002 -9.6754124e-001
 -1.0039854e-001 -8.4850639e-001
 -9.8424069e-002 -6.3009501e-001
 -1.1656272e-001 -6.6659358e-001
 -1.0654046e-001 -5.3299211e-001
 -1.0540534e-001 -7.1575757e-001
 -1.1882072e-001 -5.2789673e-001
 -1.0449666e-001 -2.6093237e-001
 -1.0532389e-001 -1.2913713e-001
 -1.1804818e-001 -1.5750495e-001
 -1.1535445e-001 -1.1681838e-001
 -1.1718049e-001 -3.0531747e-001
 -1.0074589e-001 -1.1923289e-001
 -1.0711505e-001 -3.0266831e-001
 -1.1622056e-001  3.7022773e-001
 -1.1553145e-001  3.4115306e-001
 -1.0003457e-001  1.3487547e-001
 -9.8718663e-002  5.7813766e-001
 -1.1266050e-001  4.0155347e-001
 -1.0552820e-001  6.1730822e-001
 -1.0795574e-001  4.7478488e-001
 -9.8691544e-002  2.2189004e-001
 -1.1198681e-001  6.0431391e-001
 -1.1434305e-001  6.0625369e-001
 -1.1019609e-001  4.8727526e-001
 -1.0724241e-001  6.9768720e-001
 -1.1282340e-001  5.5659937e-001
 -1.0809829e-001  2.6547421e-001
 -1.0976357e-001  3.7177508e-001
 -1.0558848e-001  6.4214063e-001
 -1.0245449e-001  2.6649102e-001
 -1.0038833e-001  7.8003748e-001
 -9.8943153e-002  9.8336987e-001
 -1.1436861e-001  9.3752755e-001
 -9.7995849e-002  8.9122073e-001
 -1.0637668e-001  3.5822563e-001
 -9.6945261e-002  8.6150555e-001
 -1.1729238e-001  5.6221206e-001
 -1.1675251e-001  3.9580060e-001
 -1.0992439e-001  8.4069784e-001
 -9.7123838e-002  5.2774955e-001
 -9.9816748e-002  8.3013259e-001
 -1.1626075e-001  9.3111101e-001
 -1.0938745e-001  5.9271160e-001
 -9.9052614e-002  6.3427364e-001
 -1.0238306e-001  6.5439919e-001
 -9.6320616e-002  6.7886524e-001
 -1.1659128e-001  5.7835311e-001
 -9.9761352e-002  5.4018924e-001
 -1.0016837e-001  5.2916192e-001
 -9.5800434e-002  9.2573799e-001
 -9.9864074e-002  1.0137308e+000
 -9.7320042e-002  8.9546293e-001
 -1.0478431e-001  4.6233207e-001
 -1.0483216e-001  9.7268492e-001
 -1.1546256e-001  9.2813528e-001
 -1.1760846e-001  9.7981026e-001
 -1.0541835e-001  4.8621440e-001
 -1.1471508e-001  6.4396932e-001
 -1.0375167e-001  7.6575323e-001
 -1.1841585e-001  9.4053451e-001
 -1.0826038e-001  1.0121655e+000
 -1.1362978e-001  6.5963409e-001
 -1.0061034e-001  7.0116918e-001
 -1.0173564e-001  4.1605455e-001
 -9.6923384e-002  1.0365084e+000
 -1.0529160e-001  8.0061659e-001
  9.4612100e-001  9.0914328e-001
  9.4471432e-001  8.6514307e-001
  9.5313120e-001  2.5590398e-001
  9.4620951e-001  2.9359845e-001
  9.5431667e-001  3.7424418e-001
  9.5393690e-001 -6.7936142e-001
  9.4245276e-001 -9.6173197e-001
  9.5862170e-001 -1.0661868e+000
  9.5367216e-001 -1.5942479e+000
  9.4680350e-001 -2.0289336e+000
  9.5651188e-001 -2.5542672e+000
  9.5253757e-001 -3.1369889e+000
  9.5360230e-001 -3.4012582e+000
  9.5019740e-001 -3.6259539e+000
  9.5757871e-001 -4.1487125e+000
  9.5154752e-001 -4.3019014e+000
  9.4458753e-001 -4.9190042e+000
  9.5824727e-001 -4.7840360e+000
  9.4556422e-001 -5.3104270e+000
  9.4165864e-001 -5.3549189e+000
  9.5156972e-001 -5.6665926e+000
  9.6321969e-001 -6.0491120e+000
  9.4612928e-001 -6.0617709e+000
  9.5914153e-001 -6.3448133e+000
  9.6117009e-001 -6.2664487e+000
  9.5294889e-001 -6.5018134e+000
  9.5941809e-001 -7.0198419e+000
  9.5703303e-001 -7.2216177e+000
  9.4438249e-001 -7.2420405e+000
  9.4344367e-001 -7.1286201e+000
  9.5665756e-001 -7.2754983e+000
  9.6448937e-001 -7.2669215e+000
  9.5781370e-001 -7.7677700e+000
  9.5605815e-001 -7.2950424e+000
  9.5304104e-001 -7.4889591e+000
  9.6501856e-001 -7.4533888e+000
  9.5291349e-001 -7.9565239e+000
  9.5390213e-001 -7.9585744e+000
  9.5499010e-001 -8.1546422e+000
  9.5780940e-001 -8.0869254e+000
  9.4868314e-001 -7.8722507e+000
  9.5695974e-001 -8.2633124e+000
  9.4891578e-001 -7.7395501e+000
  9.6001215e-001 -8.1746745e+000
  9.5033273e-001 -8.2071154e+000
  9.5380245e-001 -8.0274440e+000
  9.5429857e-001 -8.1305417e+000
  9.4733988e-001 -8.2867833e+000
  9.4415433e-001 -8.0494159e+000
  9.5647408e-001 -8.3010785e+000
  9.6375167e-001 -8.4485160e+000
  9.4584139e-001 -7.7730495e+000
  9.5642752e-001 -8.1972796e+000
  9.4532803e-001 -7.9313214e+000
  9.5873196e-001 -8.4503384e+000
  9.6288951e-001 -8.1547401e+000
  9.5433907e-001 -8.1135710e+000
  9.4695834e-001 -8.3540358e+000
  9.6451435e-001 -8.1109692e+000
  9.5532165e-001 -8.0281694e+000
  9.4774718e-001 -7.9022007e+000
  9.4449648e-001 -8.4815890e+000
  9.5392933e-001 -8.0510624e+000
  9.4921907e-001 -8.1459246e+000
  9.5316376e-001 -7.8751262e+000
  9.5709432e-001 -7.8532826e+000
  9.5118706e-001 -8.3295386e+000
  9.5859289e-001 -8.5183844e+000
  9.5524395e-001 -7.8858376e+000
  5.8333646e-001 -8.2121743e+000
  5.6949438e-001 -7.9215379e+000
  5.7057331e-001 -7.8290861e+000
  5.7199699e-001 -8.0990736e+000
  5.7927315e-001 -7.7263548e+000
  5.6443117e-001 -7.1886726e+000
  5.8414186e-001 -7.2512476e+000
  5.7158996e-001 -6.8961181e+000
  5.8052901e-001 -6.5307435e+000
  5.7719200e-001 -6.3092116e+000
  5.6568438e-001 -5.9081236e+000
  5.7744983e-001 -6.1958916e+000
  5.6900626e-001 -5.4184826e+000
  5.7086028e-001 -5.7886678e+000
  5.6618912e-001 -4.9727741e+000
  5.6856750e-001 -5.1465577e+000
  5.6772435e-001 -4.7518499e+000
  5.7263515e-001 -4.4275399e+000
  5.7289763e-001 -4.7255663e+000
  5.6912789e-001 -4.6121338e+000
  5.7812911e-001 -4.4695434e+000
  5.7712819e-001 -3.8674202e+000
  5.8321188e-001 -4.1769903e+000
  5.7116296e-001 -3.7222605e+000
  5.8716776e-001 -3.7753189e+000
  5.6612247e-001 -3.8670612e+000
  5.8225871e-001 -3.8695350e+000
  5.6650408e-001 -3.7969101e+000
  5.7240719e-001 -3.5521066e+000
  5.7191429e-001 -3.2672533e+000
  5.7257606e-001 -3.0112114e+000
  5.7600434e-001 -3.3918756e+000
  5.7830795e-001 -2.9192443e+000
  5.6909492e-001 -2.9364177e+000
  5.7074404e-001 -3.2722162e+000
  5.6995598e-001 -3.3479381e+000
  5.8484244e-001 -2.9611378e+000
  5.8219642e-001 -3.3869147e+000
  5.7176428e-001 -2.7863820e+000
  5.7643269e-001 -2.8570443e+000
  5.8299821e-001 -2.6585258e+000
  5.7313471e-001 -2.7738388e+000
  5.8315564e-001 -2.8661958e+000
  5.6920515e-001 -3.1856589e+000
  5.6708440e-001 -2.7241016e+000
  5.7290393e-001 -2.8113829e+000
  5.7631648e-001 -2.9939851e+000
  5.7649138e-001 -2.6843120e+000
  5.8482927e-001 -3.0168731e+000
  5.6532374e-001 -3.0586932e+000
  5.8103970e-001 -3.0879167e+000
  5.8347648e-001 -3.0239432e+000
  5.6678481e-001 -2.9820506e+000
  5.8488192e-001 -2.9895408e+000
  5.7404534e-001 -2.4916603e+000
  5.7781697e-001 -2.8802138e+000
  5.8536726e-001 -2.7310348e+000
  5.8618107e-001 -2.7778679e+000
  5.8177224e-001 -2.5382372e+000
  5.8483852e-001 -2.4813166e+000
  5.8348494e-001 -2.7756032e+000
  5.7074841e-001 -2.9088786e+000
  5.7935974e-001 -2.6690431e+000
  5.6503721e-001 -3.1524528e+000
  5.6756013e-001 -2.6233177e+000
  5.6500772e-001 -2.9307211e+000
  5.7321460e-001 -2.8270893e+000
  5.7392412e-001 -3.1066541e+000
  5.7513403e-001 -3.1140591e+000
 -8.5418004e-001 -3.0689331e+000
 -8.4380437e-001 -2.9275805e+000
 -8.4459608e-001 -2.5979941e+000
 -8.4769575e-001 -1.7763676e+000
 -8.3392658e-001 -1.1775315e+000
 -8.4547959e-001  8.1701110e-002
 -8.5447239e-001  1.1671145e+000
 -8.5360339e-001  1.6250418e+000
 -8.3628714e-001  2.8774696e+000
 -8.4825180e-001  4.3479057e+000
 -8.3633544e-001  5.0967258e+000
 -8.5421158e-001  6.0667738e+000
 -8.5019343e-001  7.1873752e+000
 -8.3377792e-001  7.8147910e+000
 -8.5040654e-001  9.1931186e+000
 -8.4901990e-001  1.0011450e+001
 -8.4168341e-001  1.0687490e+001
 -8.3921655e-001  1.1091367e+001
 -8.3594492e-001  1.1816445e+001
 -8.4858966e-001  1.2484743e+001
 -8.3530042e-001  1.3514656e+001
 -8.3380575e-001  1.3867559e+001
 -8.5333344e-001  1.4597455e+001
 -8.4838076e-001  1.5045849e+001
 -8.3404976e-001  1.5170330e+001
 -8.4222179e-001  1.5291446e+001
 -8.4854447e-001  1.5742125e+001
 -8.5430565e-001  1.6447245e+001
 -8.5593085e-001  1.6412738e+001
 -8.5439074e-001  1.6869434e+001
 -8.4470238e-001  1.6885053e+001
 -8.4820635e-001  1.6906270e+001
 -8.4270840e-001  1.7580791e+001
 -8.5441800e-001  1.7695797e+001
 -8.4200532e-001  1.7700013e+001
 -8.3749643e-001  1.8117873e+001
 -8.5360136e-001  1.8173065e+001
 -8.5120463e-001  1.8066830e+001
 -8.5345795e-001  1.8025631e+001
 -8.4000178e-001  1.8136756e+001
 -8.4180308e-001  1.8037143e+001
 -8.4281548e-001  1.8701314e+001
 -8.5062782e-001  1.8309688e+001
 -8.4004545e-001  1.8648408e+001
 -8.3794009e-001  1.8686630e+001
 -8.5402372e-001  1.8390289e+001
 -8.4618155e-001  1.8665258e+001
 -8.4127165e-001  1.8885082e+001
 -8.3233243e-001  1.8653487e+001
 -8.3703487e-001  1.8962378e+001
 -8.4041490e-001  1.8922094e+001
 -8.4529880e-001  1.8840417e+001
 -8.3316440e-001  1.8712421e+001
 -8.5590489e-001  1.9176861e+001
 -8.5090845e-001  1.9253402e+001
 -8.4807852e-001  1.8988613e+001
 -8.5522304e-001  1.8800196e+001
 -8.5360068e-001  1.8986028e+001
 -8.5614372e-001  1.8738211e+001
 -8.4932329e-001  1.8844013e+001
 -8.3773766e-001  1.8688106e+001
 -8.3928483e-001  1.9113609e+001
 -8.3358159e-001  1.9005861e+001
 -8.3970527e-001  1.9336625e+001
 -8.5303366e-001  1.8976167e+001
 -8.5472744e-001  1.8719034e+001
 -8.3855165e-001  1.8793358e+001
 -8.3533087e-001  1.9333946e+001
 -8.4208001e-001  1.9318426e+001
 -5.0496246e-001  1.9195639e+001
 -4.9132366e-001  1.9173802e+001
 -4.9748308e-001  1.8830638e+001
 -5.0249352e-001  1.8340918e+001
 -4.9329486e-001  1.8421820e+001
 -4.9899914e-001  1.7426553e+001
 -5.0535383e-001  1.6938112e+001
 -5.0700072e-001  1.6157151e+001
 -4.9582875e-001  1.5993600e+001
 -5.0765662e-001  1.5084877e+001
 -5.0148313e-001  1.4255921e+001
 -4.9634178e-001  1.3991162e+001
 -4.9013019e-001  1.3652382e+001
 -4.9334892e-001  1.3101828e+001
 -5.0073439e-001  1.2668043e+001
 -4.9709386e-001  1.2169827e+001
 -4.9251377e-001  1.1407539e+001
 -5.0183151e-001  1.1077613e+001
 -4.8835436e-001  1.1029799e+001
 -4.9658997e-001  1.0281247e+001
 -5.0620264e-001  1.0049297e+001
 -4.9426010e-001  9.6928916e+000
 -4.8822267e-001  9.3273160e+000
 -5.0614204e-001  9.4800699e+000
 -4.9748663e-001  9.1528782e+000
 -4.9172987e-001  8.7653321e+000
 -4.9969712e-001  8.3637185e+000
 -4.9354534e-001  8.0661562e+000
 -5.0982379e-001  8.0371609e+000
 -5.0894430e-001  7.7580423e+000
 -4.9388300e-001  7.9035999e+000
 -5.0508475e-001  7.8339985e+000
 -4.9262754e-001  7.6735508e+000
 -5.0152679e-001  7.3924520e+000
 -5.0730366e-001  7.3863759e+000
 -5.0745307e-001  7.6819232e+000
 -5.0727832e-001  7.5850406e+000
 -4.9009472e-001  7.0831332e+000
 -5.0768973e-001  7.3451926e+000
 -5.0918286e-001  7.5344104e+000
 -4.9227244e-001  7.4576819e+000
 -4.9687479e-001  7.3138569e+000
 -4.9359763e-001  6.8668233e+000
 -4.9762960e-001  7.3359646e+000
 -5.0563269e-001  7.2172497e+000
 -4.9739100e-001  6.8187844e+000
 -4.9206863e-001  6.9151371e+000
 -4.9003995e-001  6.9721037e+000
 -4.9344493e-001  6.7185858e+000
 -4.8809939e-001  7.0092887e+000
 -4.9083392e-001  7.2294703e+000
 -5.0908745e-001  6.8889989e+000
 -5.0330474e-001  6.9462336e+000
 -4.9405390e-001  6.7161699e+000
 -5.0188503e-001  6.7577209e+000
 -5.0914664e-001  7.1678314e+000
 -4.9555893e-001  6.7192668e+000
 -5.0203600e-001  6.8505818e+000
 -4.9701321e-001  6.8038856e+000
 -4.8941316e-001  6.5690042e+000
 -4.9822781e-001  6.5906620e+000
 -5.0219882e-001  7.0865217e+000
 -5.1137200e-001  6.5984978e+000
 -5.0229061e-001  6.8158517e+000
 -4.9550879e-001  7.0641460e+000
 -4.9738779e-001  6.8207014e+000
 -5.1173695e-001  6.4784502e+000
 -5.0430659e-001  6.5797593e+000
 -4.9126511e-001  6.9927318e+000
  8.4049637e-001  7.0796484e+000
  8.2845502e-001  6.5126284e+000
  8.3079999e-001  6.6526564e+000
  8.4398989e-001  5.9391057e+000
  8.4175964e-001  5.8112989e+000
  8.3768772e-001  5.5234011e+000
  8.2296229e-001  4.5850192e+000
  8.3661296e-001  4.2812527e+000
  8.3640690e-001  3.5883493e+000
  8.2794357e-001  2.4418955e+000
  8.2409442e-001  2.1790034e+000
  8.4526940e-001  1.5401023e+000
  8.3868029e-001  1.0215166e+000
  8.3113478e-001  3.3451975e-001
  8.3538620e-001  2.8443287e-001
  8.4420881e-001 -3.8365783e-001
  8.2358064e-001 -9.5962017e-001
  8.3727313e-001 -1.7088349e+000
  8.4414280e-001 -2.0990969e+000
  8.3614970e-001 -2.3355865e+000
  8.4537691e-001 -2.3408718e+000
  8.3184991e-001 -3.0841457e+000
  8.3496323e-001 -3.4619683e+000
  8.2971429e-001 -3.2411529e+000
  8.2745741e-001 -3.4480504e+000
  8.3799451e-001 -3.5796906e+000
  8.4546822e-001 -3.7924426e+000
  8.2552485e-001 -4.5515860e+000
  8.4054051e-001 -4.4893050e+000
  8.2869017e-001 -4.5485913e+000
  8.4361161e-001 -4.8201569e+000
  8.3701601e-001 -4.9013696e+000
  8.3449851e-001 -4.9015228e+000
  8.3544665e-001 -4.6746159e+000
  8.2362565e-001 -5.3647082e+000
  8.3300926e-001 -5.3458491e+000
  8.2678886e-001 -5.0865657e+000
  8.3111549e-001 -5.2187442e+000
  8.3764242e-001 -5.1042640e+000
  8.2478749e-001 -5.5859281e+000
  8.3779351e-001 -5.6599210e+000
  8.3183957e-001 -5.6202537e+000
  8.4415129e-001 -5.4042829e+000
  8.2341085e-001 -5.6506652e+000
  8.3657508e-001 -5.3595456e+000
  8.2750091e-001 -5.7497155e+000
  8.4176834e-001 -5.7570360e+000
  8.3600869e-001 -5.6375741e+000
  8.3439348e-001 -5.5931908e+000
  8.3891603e-001 -6.0570810e+000
  8.4283556e-001 -5.7884416e+000
  8.4186888e-001 -5.8770214e+000
  8.2295209e-001 -5.9631105e+000
  8.2444668e-001 -5.8616953e+000
  8.3560308e-001 -5.8228131e+000
  8.4016707e-001 -5.8053193e+000
  8.4417595e-001 -6.0051037e+000
  8.2622734e-001 -5.8033917e+000
  8.2997927e-001 -5.9571045e+000
  8.2427740e-001 -6.1881717e+000
  8.3956557e-001 -5.5960883e+000
  8.2348496e-001 -5.9841170e+000
  8.2748533e-001 -5.7962801e+000
  8.2451574e-001 -5.9491861e+000
  8.2621876e-001 -6.1606568e+000
  8.4552528e-001 -5.6047085e+000
  8.3562178e-001 -6.1093479e+000
  8.2535933e-001 -5.6660347e+000
  8.4563291e-001 -5.9394764e+000
 -5.5132094e-001 -5.7466589e+000
 -5.5414935e-001 -5.7822676e+000
 -5.3566968e-001 -5.8573128e+000
 -5.4129814e-001 -5.5574405e+000
 -5.4677639e-001 -4.7583290e+000
 -5.4413501e-001 -4.3019218e+000
 -5.3249626e-001 -3.7312908e+000
 -5.4686363e-001 -2.7647241e+000
 -5.4533337e-001 -1.9415169e+000
 -5.4910366e-001 -1.7628508e+000
 -5.5256218e-001 -6.4984070e-001
 -5.3892916e-001  6.4151831e-002
 -5.4482148e-001  5.9981578e-001
 -5.3919040e-001  7.2279332e-001
 -5.3272822e-001  1.6823287e+000
 -5.4658748e-001  2.0382438e+000
 -5.4358971e-001  2.6277930e+000
 -5.3518024e-001  3.1944067e+000
 -5.5047096e-001  3.6983195e+000
 -5.5210711e-001  3.7581281e+000
 -5.4737047e-001  4.3712544e+000
 -5.5503516e-001  4.2176932e+000
 -5.3720768e-001  4.7150738e+000
 -5.3909596e-001  5.4320815e+000
 -5.4787275e-001  5.7336058e+000
 -5.3797743e-001  5.5850445e+000
 -5.5109813e-001  6.1682378e+000
 -5.4917044e-001  6.2251378e+000
 -5.3240032e-001  6.1766819e+000
 -5.3761523e-001  6.3265213e+000
 -5.4148206e-001  6.3324403e+000
 -5.5344317e-001  6.8112934e+000
 -5.4225292e-001  6.7925209e+000
 -5.5395124e-001  6.5918658e+000
 -5.4443307e-001  7.0782652e+000
 -5.3318802e-001  6.7924918e+000
 -5.4815853e-001  7.2471435e+000
 -5.4087911e-001  7.1423828e+000
 -5.3311608e-001  7.6236835e+000
 -5.4174710e-001  7.1182914e+000
 -5.5188660e-001  7.7179843e+000
 -5.5444713e-001  7.6942291e+000
 -5.4512451e-001  7.7512725e+000
 -5.4809018e-001  7.9161462e+000
 -5.5603897e-001  7.8474231e+000
 -5.4727200e-001  7.7618192e+000
 -5.3408433e-001  7.3141665e+000
 -5.5343477e-001  7.9796244e+000
 -5.3473484e-001  7.6257221e+000
 -5.5442886e-001  7.8690204e+000
 -5.5201273e-001  7.5975435e+000
 -5.3362115e-001  7.5654585e+000
 -5.3978774e-001  8.0811490e+000
 -5.5391712e-001  7.7135385e+000
 -5.4777036e-001  7.4943698e+000
 -5.3708731e-001  8.0119271e+000
 -5.5350588e-001  7.6485866e+000
 -5.4909153e-001  7.7778513e+000
 -5.5427107e-001  7.9132406e+000
 -5.3918220e-001  8.1795408e+000
 -5.3936524e-001  7.6980803e+000
 -5.4271621e-001  7.9124913e+000
 -5.5030024e-001  7.8470227e+000
 -5.4586143e-001  7.8368411e+000
 -5.5510228e-001  7.9052974e+000
 -5.5474296e-001  7.9014618e+000
 -5.5358738e-001  7.7551061e+000
 -5.4591885e-001  7.5660369e+000
 -5.5579974e-001  7.6491617e+000
  2.1444900e-001  7.8192032e+000
  2.2649625e-001  7.7800742e+000
  2.2734397e-001  7.9269212e+000
  2.3231853e-001  7.5294364e+000
  2.2197964e-001  7.4076196e+000
  2.1738000e-001  6.5111323e+000
  2.3309281e-001  6.0421279e+000
  2.1760736e-001  6.1563036e+000
  2.3009383e-001  5.4979725e+000
  2.2384969e-001  5.3760765e+000
  2.2687257e-001  4.6947273e+000
  2.2533077e-001  4.2941798e+000
  2.3293895e-001  3.5698228e+000
  2.1544022e-001  3.3071146e+000
  2.2534357e-001  3.4311565e+000
  2.2505862e-001  2.5574940e+000
  2.2136051e-001  2.3543147e+000
  2.3104030e-001  1.9857605e+000
  2.1857523e-001  1.9119581e+000
  2.2293820e-001  1.4424837e+000
  2.2018658e-001  1.1752553e+000
  2.2716620e-001  1.4413160e+000
  2.3747596e-001  8.3344691e-001
  2.2197744e-001  9.0583231e-001
  2.2034041e-001  6.8280496e-001
  2.2322796e-001  4.4241199e-001
  2.1604305e-001  2.9765591e-001
  2.2974628e-001  7.9110954e-002
  2.2999017e-001 -3.4776629e-002
  2.1741740e-001 -2.5772497e-001
  2.3562729e-001 -1.3591904e-001
  2.2572137e-001  6.1905103e-002
  2.2044577e-001 -4.7853305e-001
  2.3406140e-001 -6.9170278e-001
  2.2029104e-001 -6.7845437e-001
  2.2302644e-001 -5.1731218e-001
  2.1752283e-001 -4.5919110e-001
  2.2557168e-001 -4.5976149e-001
  2.2061947e-001 -6.1218894e-001
  2.3493016e-001 -1.0331229e+000
  2.2898314e-001 -7.2919820e-001
  2.2624518e-001 -4.2101005e-001
  2.3487978e-001 -1.0128892e+000
  2.2275476e-001 -7.4662083e-001
  2.3573721e-001 -1.0440607e+000
  2.1426334e-001 -7.9694933e-001
  2.1584270e-001 -9.8406329e-001
  2.2343095e-001 -1.1131700e+000
  2.2810615e-001 -7.9676876e-001
  2.2785455e-001 -7.0124025e-001
  2.3733615e-001 -8.4795313e-001
  2.3084849e-001 -8.0858413e-001
  2.3550374e-001 -9.0320038e-001
  2.2792675e-001 -8.6722618e-001
  2.1670127e-001 -1.0537476e+000
  2.3185609e-001 -8.7669265e-001
  2.3605764e-001 -6.5771737e-001
  2.3271081e-001 -9.5869632e-001
  2.1771207e-001 -7.5258266e-001
  2.1421357e-001 -6.8743943e-001
  2.3584234e-001 -1.1251236e+000
  2.1467543e-001 -1.0756265e+000
  2.3107988e-001 -7.6944624e-001
  2.2977332e-001 -1.2965591e+000
  2.3685448e-001 -7.8033762e-001
  2.1892916e-001 -9.4020269e-001
  2.1848546e-001 -1.3106059e+000
  2.1752245e-001 -1.2441122e+000
  2.2699552e-001 -9.6061264e-001
 -2.8108957e-001 -1.2537882e+000
 -2.6303390e-001 -1.1047258e+000
 -2.7783163e-001 -1.0404764e+000
 -2.6204380e-001 -5.4918409e-001
 -2.7632335e-001 -9.1494728e-001
 -2.7213090e-001 -2.8724404e-001
 -2.7423661e-001 -5.7180366e-001
 -2.8139845e-001  3.4082066e-003
 -2.8065789e-001  1.5980866e-001
 -2.6186254e-001  4.1483118e-001
 -2.6067355e-001 -5.5335998e-002
 -2.7009068e-001  4.7819121e-001
 -2.7918977e-001  3.6718647e-001
 -2.7158178e-001  7.4053551e-001
 -2.6143127e-001  6.2342280e-001
 -2.7921782e-001  7.4248743e-001
 -2.8392110e-001  8.6378578e-001
 -2.6302180e-001  1.0424165e+000
 -2.8232240e-001  1.5963772e+000
 -2.7408467e-001  1.6076514e+000
 -2.7163036e-001  1.3883918e+000
 -2.6924330e-001  1.5298389e+000
 -2.7457052e-001  1.4132784e+000
 -2.7708677e-001  1.7650625e+000
 -2.7535311e-001  2.1890816e+000
 -2.8138511e-001  2.1684692e+000
 -2.6088172e-001  2.1592429e+000
 -2.8084170e-001  2.0345400e+000
 -2.7014420e-001  1.9897552e+000
 -2.7328240e-001  2.1969175e+000
 -2.7917993e-001  2.4986226e+000
 -2.7647661e-001  2.0143209e+000
 -2.7567241e-001  2.1358234e+000
 -2.6680573e-001  2.3569776e+000
 -2.7302497e-001  2.0414698e+000
 -2.6463009e-001  2.5709977e+000
 -2.7990011e-001  2.2220085e+000
 -2.6101907e-001  2.2969255e+000
 -2.6437356e-001  2.5750148e+000
 -2.8112583e-001  2.3236828e+000
 -2.6676393e-001  2.6127517e+000
 -2.7408565e-001  2.0749981e+000
 -2.6931685e-001  2.4316698e+000
 -2.8046772e-001  2.0815651e+000
 -2.7687307e-001  2.3284431e+000
 -2.8343809e-001  2.5689571e+000
 -2.7419027e-001  2.3092991e+000
 -2.6687954e-001  2.1376866e+000
 -2.6501424e-001  2.7773630e+000
 -2.7967459e-001  2.5293829e+000
 -2.7103134e-001  2.4031187e+000
 -2.6047435e-001  2.7061909e+000
 -2.6632044e-001  2.6800094e+000
 -2.6228383e-001  2.7858266e+000
 -2.6660481e-001  2.1625841e+000
 -2.7284226e-001  2.7452004e+000
 -2.8201523e-001  2.7276431e+000
 -2.6264061e-001  2.4219649e+000
 -2.7753284e-001  2.4785993e+000
 -2.6811136e-001  2.1932700e+000
 -2.7609654e-001  2.4523954e+000
 -2.6335558e-001  2.7271898e+000
 -2.8151425e-001  2.3601755e+000
 -2.6264318e-001  2.4569769e+000
 -2.7465387e-001  2.2861918e+000
 -2.7847820e-001  2.7752835e+000
 -2.6844255e-001  2.2087423e+000
 -2.7848107e-001  2.4874902e+000
 -2.6422908e-001  2.2053681e+000
 -3.7524395e-002  2.2328890e+000
 -4.5719383e-002  2.4645875e+000
 -2.7609960e-002  2.6158495e+000
 -2.4578330e-002  2.2400129e+000
 -2.5201765e-002  2.1913304e+000
 -2.6648153e-002  2.4691621e+000
 -4.1883932e-002  2.2308635e+000
 -4.2008889e-002  2.2225158e+000
 -4.0595727e-002  2.2428744e+000
 -3.9665982e-002  1.8602673e+000
 -2.3294398e-002  1.4393879e+000
 -2.5555150e-002  1.2813234e+000
 -2.2723877e-002  1.1754022e+000
 -3.3176509e-002  1.2534136e+000
 -4.5431766e-002  9.7360296e-001
 -3.4582135e-002  8.6607929e-001
 -4.2951469e-002  1.4173230e+000
 -2.7819251e-002  1.0150658e+000
 -2.3915863e-002  7.1678740e-001
 -3.0847666e-002  8.0552675e-001
 -3.9039253e-002  6.2252453e-001
 -4.3814784e-002  1.0298928e+000
 -3.6899134e-002  4.3329314e-001
 -4.4047309e-002  9.2771511e-001
 -2.6495798e-002  7.2434747e-001
 -4.6338923e-002  5.7786817e-001
 -4.4075455e-002  6.4551054e-001
 -4.3620855e-002  2.8518660e-001
 -3.5885497e-002  3.7966944e-001
 -3.7912278e-002  6.2121062e-001
 -4.0635423e-002  3.5062870e-001
 -3.4709998e-002  7.5648922e-001
 -4.0800850e-002  4.5061759e-002
 -3.1405311e-002  5.6417370e-001
 -3.9858432e-002  3.8417820e-001
 -3.4741588e-002  6.0694583e-001
 -4.3837425e-002  1.4146153e-001
 -4.6367737e-002 -1.5492040e-002
 -2.6814006e-002  6.4874968e-001
 -2.6536582e-002  4.5714124e-001
 -3.1166731e-002  2.8182750e-001
 -3.8312228e-002  1.8628479e-001
 -2.3201772e-002  5.4518937e-001
 -2.3059752e-002  8.0732605e-002
 -3.6451821e-002  4.8624931e-001
 -2.7536275e-002  2.7459063e-001
 -2.9637889e-002  5.5659539e-001
 -2.6275543e-002  3.5582724e-001
 -4.2780964e-002  2.7173524e-001
 -3.2944249e-002  1.3916695e-001
 -2.3883054e-002 -4.2008851e-002
 -3.1268893e-002  3.4234192e-001
 -3.9931322e-002  1.0936956e-001
 -4.2143781e-002  4.0144730e-001
 -2.9454825e-002  1.6004008e-001
 -4.5276652e-002  1.7558117e-002
 -2.2707176e-002  3.5398980e-001
 -3.9367753e-002  4.8962774e-002
 -3.1592273e-002 -4.8338213e-002
 -3.7957855e-002 -7.6335372e-002
 -3.0068427e-002 -1.1621530e-001
 -3.6415686e-002  5.9820621e-002
 -3.1848138e-002  1.7310723e-001
 -4.1271902e-002  9.3379532e-002
 -4.3506149e-002  2.8727765e-001
 -3.2136040e-002  3.1717787e-001
 -3.1087584e-002 -6.7756581e-002
 -2.4482572e-002  3.4855963e-001
 -4.0514983e-002  1.2948062e-001
 -5.8275005e-001  2.8552008e-001
 -6.0070671e-001 -9.5421409e-002
 -5.8733122e-001  5.4758423e-001
 -6.0234620e-001  3.3109122e-001
 -5.8425108e-001  1.0643790e+000
 -5.8853257e-001  1.5227003e+000
 -5.9844235e-001  1.4387341e+000
 -5.8564425e-001  2.0473823e+000
 -5.8795436e-001  2.3421085e+000
 -5.9406342e-001  3.1902023e+000
 -5.9916266e-001  3.2651641e+000
 -5.8390061e-001  4.0223664e+000
 -5.9594835e-001  4.0924517e+000
 -5.9225939e-001  4.9034839e+000
 -5.8480761e-001  5.3193719e+000
 -5.8249201e-001  5.4747916e+000
 -5.9612419e-001  5.6018906e+000
 -5.9952353e-001  6.2722500e+000
 -6.0334002e-001  6.5500053e+000
 -6.0014686e-001  6.8011779e+000
 -5.8078317e-001  6.8283754e+000
 -5.8042423e-001  7.1035943e+000
 -5.9577672e-001  7.0014307e+000
 -5.8688611e-001  7.3945792e+000
 -6.0208892e-001  7.3074885e+000
 -5.8887414e-001  7.7324030e+000
 -5.8501178e-001  7.8308281e+000
 -5.9558924e-001  8.0385256e+000
 -5.8477076e-001  8.3644185e+000
 -5.8607025e-001  8.4975890e+000
 -5.9701323e-001  8.1377655e+000
 -5.8089590e-001  8.5267976e+000
 -5.9212461e-001  8.2126318e+000
 -5.9100350e-001  8.9602944e+000
 -6.0209472e-001  8.9291761e+000
 -5.9584973e-001  9.0029785e+000
 -5.8181399e-001  8.5827678e+000
 -5.9605450e-001  8.6367737e+000
 -5.9170026e-001  8.6604022e+000
 -5.8072461e-001  9.0298764e+000
 -5.9565452e-001  8.7631889e+000
 -5.8316275e-001  8.9645284e+000
 -5.8929330e-001  8.8791581e+000
 -5.8162534e-001  9.2809055e+000
 -5.9839713e-001  9.2533145e+000
 -5.9101143e-001  9.2443983e+000
 -5.9655478e-001  9.4073876e+000
 -5.9493255e-001  8.8692267e+000
 -5.8750237e-001  9.1203221e+000
 -6.0072175e-001  9.4613143e+000
 -5.8319619e-001  9.4694872e+000
 -5.9943459e-001  9.3663092e+000
 -6.0134233e-001  9.0542662e+000
 -6.0176460e-001  9.5416644e+000
 -5.9133237e-001  9.3331616e+000
 -5.8457533e-001  9.4555740e+000
 -5.9303562e-001  8.9312442e+000
 -5.8329513e-001  9.4394402e+000
 -5.9235153e-001  9.1896403e+000
 -5.9672614e-001  8.9192193e+000
 -5.9116382e-001  9.2192832e+000
 -5.9529459e-001  9.3200034e+000
 -5.9057044e-001  8.9552059e+000
 -5.9139215e-001  9.1067207e+000
 -5.8033437e-001  9.3145163e+000
 -5.8511615e-001  9.4163745e+000
 -6.0055709e-001  9.1624370e+000
 -6.0202254e-001  9.1327059e+000
 -5.9011862e-001  8.9954161e+000
 -5.1089457e-001  9.2382091e+000
 -5.0623832e-001  9.5385498e+000
 -5.0871976e-001  9.0566627e+000
 -5.2006096e-001  8.9617327e+000
 -5.2305140e-001  8.9198844e+000
 -5.1212659e-001  9.1187901e+000
 -5.1165560e-001  8.5992426e+000
 -5.1228622e-001  9.0257902e+000
 -5.1729848e-001  8.5548912e+000
 -5.2375290e-001  8.4494691e+000
 -5.0991260e-001  8.2859241e+000
 -5.1866637e-001  8.6180348e+000
 -5.1572403e-001  8.0080125e+000
 -5.1553903e-001  8.0039352e+000
 -5.1851123e-001  8.1930056e+000
 -5.1572364e-001  7.9925888e+000
 -5.1312083e-001  8.0043911e+000
 -5.1907382e-001  7.9146829e+000
 -5.1029971e-001  7.8527621e+000
 -5.0663442e-001  7.3573185e+000
 -5.1240444e-001  7.6307061e+000
 -5.1311120e-001  7.2775215e+000
 -5.1321747e-001  7.5822068e+000
 -5.0127031e-001  7.3060870e+000
 -5.1114262e-001  7.6583353e+000
 -5.1650565e-001  7.3966599e+000
 -5.2416927e-001  7.4810123e+000
 -5.0788191e-001  7.1119271e+000
 -5.0307391e-001  7.4632172e+000
 -5.0811077e-001  6.9838907e+000
 -5.1745240e-001  7.6041106e+000
 -5.1970261e-001  7.4668703e+000
 -5.2047237e-001  7.0967590e+000
 -5.0492966e-001  7.4353255e+000
 -5.1850527e-001  7.4204823e+000
 -5.2089696e-001  6.9503383e+000
 -5.0776689e-001  6.8936860e+000
 -5.1980949e-001  6.8992469e+000
 -5.2337997e-001  6.9006038e+000
 -5.2273388e-001  6.8737767e+000
 -5.0212388e-001  7.4589409e+000
 -5.2144081e-001  7.0306388e+000
 -5.0669151e-001  7.2548304e+000
 -5.1844852e-001  7.3243521e+000
 -5.1266611e-001  6.8591171e+000
 -5.0276033e-001  6.8616169e+000
 -5.2359998e-001  7.3393943e+000
 -5.0652360e-001  7.2407488e+000
 -5.1924360e-001  6.9031866e+000
 -5.2008133e-001  7.0654965e+000
 -5.0248366e-001  7.1713496e+000
 -5.0291110e-001  7.0955865e+000
 -5.0252867e-001  6.9328054e+000
 -5.0406212e-001  7.0025875e+000
 -5.1342337e-001  6.8789541e+000
 -5.0936136e-001  7.3629063e+000
 -5.0837765e-001  7.1268464e+000
 -5.1697547e-001  7.2397437e+000
 -5.0909220e-001  6.9021554e+000
 -5.1200614e-001  6.7790656e+000
 -5.0347995e-001  7.2648453e+000
 -5.1399683e-001  7.1945405e+000
 -5.1162767e-001  7.3538567e+000
 -5.0979671e-001  7.1198905e+000
 -5.0301414e-001  7.0824848e+000
 -5.2090833e-001  6.8278820e+000
 -5.1216029e-001  7.2368150e+000
 -5.2059972e-001  6.7449885e+000
 -5.0121032e-001  6.8472675e+000
  9.9271678e-001  7.1931407e+000
  9.8860852e-001  6.8709381e+000
  9.9376425e-001  7.1496904e+000
  1.0040929e+000  6.1556920e+000
  1.0003440e+000  5.7063139e+000
  9.9934822e-001  4.9939726e+000
  9.8449578e-001  4.2282612e+000
  1.0034648e+000  3.2240520e+000
  9.8540926e-001  3.0308754e+000
  9.9192706e-001  2.2385794e+000
  9.9617795e-001  9.6310592e-001
  9.9052937e-001  5.0795743e-001
  9.9200112e-001 -1.7482648e-001
  1.0002640e+000 -1.2981598e+000
  9.8925598e-001 -1.8364731e+000
  9.9385563e-001 -2.4256339e+000
  9.9970594e-001 -2.6266862e+000
  1.0057391e+000 -3.5088200e+000
  1.0061196e+000 -4.0880439e+000
  1.0057684e+000 -4.4788482e+000
  1.0065376e+000 -4.5582047e+000
  1.0071581e+000 -5.0374794e+000
  9.9078147e-001 -5.4108345e+000
  9.9539435e-001 -6.2467808e+000
  9.9666458e-001 -6.2053472e+000
  9.9410458e-001 -6.3840557e+000
  9.9880113e-001 -6.9901369e+000
  1.0015435e+000 -6.8616679e+000
  9.9770237e-001 -7.4667801e+000
  9.9389256e-001 -7.3809435e+000
  1.0046585e+000 -7.6301695e+000
  9.9394906e-001 -7.9786078e+000
  1.0021452e+000 -7.9864940e+000
  1.0023747e+000 -7.9066675e+000
  9.8841377e-001 -8.1038506e+000
  9.8994208e-001 -8.2567600e+000
  9.9270385e-001 -8.4649096e+000
  1.0053314e+000 -8.5829728e+000
  9.9069854e-001 -8.2852167e+000
  9.8737439e-001 -8.2555569e+000
  9.8688570e-001 -8.5394945e+000
  1.0019079e+000 -8.5544683e+000
  9.9615247e-001 -8.5955143e+000
  1.0014380e+000 -8.6435780e+000
  9.9906029e-001 -8.5662358e+000
  9.9165256e-001 -8.6868026e+000
  1.0030505e+000 -9.2666761e+000
  1.0076201e+000 -9.0683021e+000
  1.0009622e+000 -8.8731701e+000
  9.8449636e-001 -9.1645760e+000
  9.9754599e-001 -9.3376265e+000
  9.9836859e-001 -8.8444088e+000
  9.8873790e-001 -9.3528857e+000
  1.0019741e+000 -9.1328322e+000
  9.9581263e-001 -8.9296458e+000
  9.9299429e-001 -8.8416289e+000
  9.8982776e-001 -9.3838361e+000
  1.0031830e+000 -9.1918759e+000
  9.8840385e-001 -9.4405141e+000
  1.0029398e+000 -9.0896110e+000
  1.0081054e+000 -8.9269391e+000
  9.9563497e-001 -8.8210192e+000
  9.9239494e-001 -8.9397759e+000
  9.9890734e-001 -8.8708590e+000
  1.0008737e+000 -8.8409998e+000
  1.0043129e+000 -9.1624207e+000
  9.8736698e-001 -9.2803551e+000
  1.0017022e+000 -9.0612225e+000
  9.8828468e-001 -9.2709537e+000
  2.5971091e-001 -9.0751812e+000
  2.5795534e-001 -8.9823815e+000
  2.5395459e-001 -9.1474428e+000
  2.4688289e-001 -9.0591180e+000
  2.5006411e-001 -8.3717077e+000
  2.6926913e-001 -8.0666349e+000
  2.6369674e-001 -7.9566692e+000
  2.6871463e-001 -7.1608464e+000
  2.6760219e-001 -6.7910144e+000
  2.6569928e-001 -6.8915496e+000
  2.5193406e-001 -6.0459266e+000
  2.6298653e-001 -5.6459820e+000
  2.4802042e-001 -5.2189738e+000
  2.6501711e-001 -5.2732998e+000
  2.5175722e-001 -4.6548660e+000
  2.6718157e-001 -4.2196501e+000
  2.4741965e-001 -4.0185039e+000
  2.5275516e-001 -4.2947710e+000
  2.6675510e-001 -3.4907805e+000
  2.5795453e-001 -3.6413335e+000
  2.4979014e-001 -3.1622130e+000
  2.6107095e-001 -3.3939926e+000
  2.4869923e-001 -2.6840566e+000
  2.6847412e-001 -2.4601795e+000
  2.6802819e-001 -2.4637641e+000
  2.5551281e-001 -2.1979995e+000
  2.4825513e-001 -2.1764319e+000
  2.4735931e-001 -2.3205322e+000
  2.6870949e-001 -1.7678973e+000
  2.5762576e-001 -1.8044527e+000
  2.6781407e-001 -1.5801657e+000
  2.6064909e-001 -1.5250485e+000
  2.4649420e-001 -2.0094809e+000
  2.4678359e-001 -1.4661141e+000
  2.5924847e-001 -1.8959736e+000
  2.5470885e-001 -1.8141719e+000
  2.6438175e-001 -1.6591172e+000
  2.5353335e-001 -1.2287864e+000
  2.6497125e-001 -1.2448397e+000
  2.6344307e-001 -1.1186349e+000
  2.5413348e-001 -1.5826826e+000
  2.6479399e-001 -1.3173135e+000
  2.4931760e-001 -1.5659511e+000
  2.6007818e-001 -1.4297908e+000
  2.5479134e-001 -1.2311637e+000
  2.6347807e-001 -1.1862719e+000
  2.6228686e-001 -1.1905770e+000
  2.4920283e-001 -9.9140954e-001
  2.6170370e-001 -1.0680952e+000
  2.5933518e-001 -1.0194016e+000
  2.4702716e-001 -1.3946469e+000
  2.4705231e-001 -1.4078490e+000
  2.5709516e-001 -1.4686536e+000
  2.6098930e-001 -1.2772976e+000
  2.5333417e-001 -1.4387113e+000
  2.5549631e-001 -1.1240349e+000
  2.4907367e-001 -9.8209243e-001
  2.6122819e-001 -1.3777693e+000
  2.5759293e-001 -1.0620098e+000
  2.6860966e-001 -1.1813745e+000
  2.6991436e-001 -8.7428158e-001
  2.5806651e-001 -1.0946073e+000
  2.6868885e-001 -1.1904656e+000
  2.6500259e-001 -9.6918227e-001
  2.5213890e-001 -8.0791651e-001
  2.6122269e-001 -1.4207039e+000
  2.4863787e-001 -1.0765696e+000
  2.5287289e-001 -1.3087408e+000
  2.6950581e-001 -1.2193626e+000
  8.9225272e-001 -1.0388584e+000
  9.0037732e-001 -1.0900422e+000
  9.0020216e-001 -1.1546203e+000
  8.8296223e-001 -1.1802775e+000
  8.8876829e-001 -1.5371121e+000
  8.8784021e-001 -1.7507889e+000
  8.9015839e-001 -1.9575280e+000
  8.9577717e-001 -2.6491722e+000
  8.9336248e-001 -2.8745942e+000
  8.8296111e-001 -3.1992190e+000
  8.9712334e-001 -3.5042115e+000
  8.9348187e-001 -3.7242215e+000
  8.9600734e-001 -3.5086234e+000
  8.8520930e-001 -3.8230797e+000
  8.8951191e-001 -4.4214776e+000
  8.9467499e-001 -4.1675588e+000
  8.9094428e-001 -4.9880108e+000
  8.8700003e-001 -5.2016320e+000
  8.9894403e-001 -5.2289695e+000
  8.8755550e-001 -5.3042620e+000
  8.8821265e-001 -5.5744873e+000
  8.9979964e-001 -5.4959279e+000
  9.0568325e-001 -5.8452850e+000
  8.8407647e-001 -5.5937679e+000
  9.0313283e-001 -5.8256499e+000
  8.8940124e-001 -6.1113108e+000
  8.9214575e-001 -5.9601301e+000
  9.0163150e-001 -6.2979735e+000
  8.9915799e-001 -6.4962156e+000
  8.9219017e-001 -6.6588110e+000
  8.9122854e-001 -6.3952988e+000
  9.0153308e-001 -6.6789578e+000
  9.0394562e-001 -6.4202544e+000
  8.9425827e-001 -6.3468246e+000
  9.0405338e-001 -6.7430977e+000
  8.9025745e-001 -6.8828258e+000
  9.0603587e-001 -6.5190752e+000
  9.0456563e-001 -6.9304010e+000
  9.0494150e-001 -6.4915331e+000
  8.8535135e-001 -6.9943944e+000
  8.9373875e-001 -6.9424359e+000
  8.9852049e-001 -6.4873636e+000
  8.9757927e-001 -6.8365966e+000
  8.9263995e-001 -6.7400978e+000
  8.9557766e-001 -7.1776512e+000
  9.0543393e-001 -6.5724271e+000
  8.8697494e-001 -7.0420460e+000
  8.9336185e-001 -6.7487781e+000
  8.9428316e-001 -7.1015401e+000
  8.8731763e-001 -6.9429581e+000
  8.9693799e-001 -7.0963917e+000
  8.8368082e-001 -6.8651841e+000
  8.9951938e-001 -6.6854769e+000
  8.9467178e-001 -7.1038072e+000
  8.8731676e-001 -6.6239606e+000
  9.0500800e-001 -7.2062890e+000
  8.9010751e-001 -6.6371398e+000
  8.8884299e-001 -6.9143244e+000
  8.8419507e-001 -7.2606188e+000
  8.8898473e-001 -7.2959587e+000
  8.8772504e-001 -6.7809131e+000
  8.9966542e-001 -7.2132730e+000
  8.9947408e-001 -6.9315788e+000
  8.8278909e-001 -7.1904955e+000
  9.0142869e-001 -6.8704966e+000
  8.9558468e-001 -7.2914451e+000
  8.9798321e-001 -7.0529002e+000
  8.9974714e-001 -6.9692595e+000
  8.9480944e-001 -7.1295055e+000
  8.8007188e-001 -6.7182913e+000
  8.7650673e-001 -7.3005748e+000
  8.7888735e-001 -7.0807967e+000
  8.7296559e-001 -6.8361211e+000
  8.7585549e-001 -7.0298120e+000
  8.6555005e-001 -6.5824254e+000
  8.7164217e-001 -7.0912617e+000
  8.6004283e-001 -6.6185470e+000
  8.6059095e-001 -6.5635274e+000
  8.6654577e-001 -6.5702854e+000
  8.5978170e-001 -6.5745433e+000
  8.5831103e-001 -6.4662831e+000
  8.6093583e-001 -6.6933680e+000
  8.7637814e-001 -6.4462922e+000
  8.6053659e-001 -6.4040737e+000
  8.6973784e-001 -6.4591857e+000
  8.6353527e-001 -6.6377637e+000
  8.6768808e-001 -6.6734818e+000
  8.7151363e-001 -6.7428669e+000
  8.8032465e-001 -6.8589228e+000
  8.6917913e-001 -6.3293042e+000
  8.5956514e-001 -6.7115547e+000
  8.7666811e-001 -6.8427563e+000
  8.6824439e-001 -6.4509816e+000
  8.7369220e-001 -6.9025171e+000
  8.7197977e-001 -6.7953637e+000
  8.7021731e-001 -6.6465750e+000
  8.6808467e-001 -6.3632946e+000
  8.6190701e-001 -6.6324699e+000
  8.6318555e-001 -6.5659152e+000
  8.7468147e-001 -6.8857292e+000
  8.6248647e-001 -6.8692389e+000
  8.6387072e-001 -6.1969769e+000
  8.6101364e-001 -6.3295221e+000
  8.7288761e-001 -6.7303079e+000
  8.7724116e-001 -6.4812891e+000
  8.6579597e-001 -6.3300663e+000
  8.7604885e-001 -6.4774634e+000
  8.7907413e-001 -6.2836773e+000
  8.6700922e-001 -6.7989161e+000
  8.7605273e-001 -6.5839187e+000
  8.7529879e-001 -6.3026500e+000
  8.6058124e-001 -6.3070937e+000
  8.5993323e-001 -6.2166957e+000
  8.7568940e-001 -6.4124215e+000
  8.7091475e-001 -6.4480412e+000
  8.7710045e-001 -6.3700546e+000
  8.6035365e-001 -6.2261231e+000
  8.7957846e-001 -6.3120108e+000
  8.6591986e-001 -6.4188185e+000
  8.6643029e-001 -6.5131074e+000
  8.5778453e-001 -6.3321021e+000
  8.6209689e-001 -6.5447735e+000
  8.6367687e-001 -6.7922665e+000
  8.7134878e-001 -6.2334721e+000
  8.6980491e-001 -6.8285961e+000
  8.6530933e-001 -6.6241011e+000
  8.6879310e-001 -6.1936002e+000
  8.7777338e-001 -6.2726968e+000
  8.8053786e-001 -6.4589413e+000
  8.6762903e-001 -6.3046060e+000
  8.6173003e-001 -6.4483422e+000
  8.6211282e-001 -6.2534017e+000
  8.7350818e-001 -6.7610289e+000
  8.7101628e-001 -6.5504239e+000
  8.7080122e-001 -6.4224634e+000
  8.6976965e-001 -6.3228465e+000
  8.6869026e-001 -6.6689826e+000
  8.6989931e-001 -6.3459123e+000
  8.6159069e-001 -6.3310463e+000
  8.7955114e-001 -6.3526204e+000
  8.7550770e-001 -6.4281858e+000
  8.7650524e-001 -6.5075439e+000
  8.8050280e-001 -6.6714434e+000
  8.7706083e-001 -6.4834795e+000
  8.6547697e-001 -6.7021665e+000
  8.6275566e-001 -6.5984046e+000
  8.6264293e-001 -6.6216250e+000
  8.7847002e-001 -6.4641461e+000
  8.6279560e-001 -6.5352894e+000
  8.7498662e-001 -6.3223262e+000
  8.5742920e-001 -6.4389767e+000
  8.6888345e-001 -6.5170325e+000
  8.6668841e-001 -6.3197616e+000
  8.7571094e-001 -6.4839976e+000
  8.7234824e-001 -6.2934398e+000
  8.7196159e-001 -6.2905271e+000
  8.8125618e-001 -6.3046445e+000
  8.7878127e-001 -6.2813201e+000
  8.8092621e-001 -6.2363015e+000
  8.6388415e-001 -6.2375310e+000
  8.8094300e-001 -6.6186027e+000
  8.6485466e-001 -6.1824102e+000
  8.7997599e-001 -6.1627331e+000
  8.7325025e-001 -6.4934660e+000
  8.6194964e-001 -6.6393470e+000
  8.6730531e-001 -6.6833339e+000
  8.8014220e-001 -6.8291091e+000
  8.6002367e-001 -6.2085138e+000
  8.7854736e-001 -6.7300844e+000
  8.6388559e-001 -6.1850099e+000
  8.6433202e-001 -6.4495260e+000
  8.7288543e-001 -6.1500266e+000
  8.5810388e-001 -6.1954195e+000
  8.6188388e-001 -6.3617871e+000
  8.8074149e-001 -6.3123933e+000
  8.5810742e-001 -6.6779105e+000
  8.7640407e-001 -6.8451498e+000
  8.6784399e-001 -6.4405577e+000
  8.7474770e-001 -6.5089099e+000
  8.6698066e-001 -6.6512633e+000
  8.6508427e-001 -6.6264362e+000
  8.7194768e-001 -6.4285751e+000
  8.5870104e-001 -6.6534840e+000
  8.7784820e-001 -6.3909615e+000
  8.7891767e-001 -6.5428520e+000
  8.6987880e-001 -6.7761004e+000
  8.6172879e-001 -6.2485227e+000
  8.6728576e-001 -6.8135217e+000
  8.7150484e-001 -6.7539261e+000
  8.7817900e-001 -6.8228027e+000
  8.7346531e-001 -6.4913940e+000
  8.6493307e-001 -6.7588169e+000
  8.8035447e-001 -6.7026181e+000
  8.7945150e-001 -6.7466616e+000
  8.7951754e-001 -6.6295739e+000
  8.7150167e-001 -6.2890188e+000
  8.6166658e-001 -6.6121159e+000
  8.6546241e-001 -6.8356477e+000
  8.7235627e-001 -6.7111094e+000
  8.6889367e-001 -6.5282730e+000
  8.7723657e-001 -6.5371043e+000
  8.7494903e-001 -6.5806418e+000
  8.6281876e-001 -6.5921359e+000
  8.6230261e-001 -6.4403040e+000
  8.5739023e-001 -6.1979741e+000
  8.7014405e-001 -6.1502542e+000
  8.6501201e-001 -6.5123340e+000
 -5.8368199e-001 -6.6920054e+000
 -5.8781087e-001 -6.1888352e+000
 -5.8742420e-001 -6.2464815e+000
 -5.9070588e-001 -5.6139672e+000
 -5.7963913e-001 -4.8957700e+000
 -6.0173062e-001 -4.5829823e+000
 -6.0166473e-001 -4.1853797e+000
 -5.9190213e-001 -3.3980923e+000
 -5.8435884e-001 -2.2284894e+000
 -5.8098126e-001 -1.3535834e+000
 -5.8461178e-001 -6.1091196e-001
 -5.8034441e-001  1.9297019e-001
 -5.8425990e-001  3.9571044e-001
 -5.9580500e-001  1.3596645e+000
 -5.8133019e-001  1.9275699e+000
 -5.8242968e-001  2.4154590e+000
 -5.9471622e-001  3.4462140e+000
 -5.8812492e-001  3.9081686e+000
 -5.9475505e-001  3.9981583e+000
 -5.9292212e-001  4.4231834e+000
 -5.9670537e-001  4.9481651e+000
 -5.9251138e-001  5.3258356e+000
 -5.8577567e-001  5.5562278e+000
 -5.9790393e-001  6.2852768e+000
 -5.8158971e-001  6.6095422e+000
 -5.7835796e-001  6.8782537e+000
 -5.8648553e-001  6.6672699e+000
 -5.9059008e-001  6.8601131e+000
 -5.9031226e-001  7.3686316e+000
 -5.8194480e-001  7.4066867e+000
 -5.8073439e-001  7.7219911e+000
 -6.0002454e-001  7.5106122e+000
 -5.9431138e-001  7.6164307e+000
 -5.8769526e-001  8.3882017e+000
 -5.7914545e-001  8.0924439e+000
 -5.8979055e-001  8.0063244e+000
 -5.8648589e-001  8.5244521e+000
 -5.9613331e-001  8.6312178e+000
 -5.9793238e-001  8.4604490e+000
 -5.9886609e-001  8.6504973e+000
 -5.9554417e-001  9.0152988e+000
 -5.7964652e-001  8.4637493e+000
 -6.0025817e-001  8.7566128e+000
 -5.9707659e-001  8.8637029e+000
 -5.7902545e-001  8.6099362e+000
 -5.9283115e-001  8.9693135e+000
 -6.0137201e-001  8.6649466e+000
 -5.9583111e-001  8.7971624e+000
 -6.0077329e-001  9.0392356e+000
 -5.9857850e-001  8.6804650e+000
 -5.8941852e-001  9.1625645e+000
 -5.9701562e-001  8.9574112e+000
 -5.8113080e-001  8.8375891e+000
 -5.8966318e-001  8.8115212e+000
 -5.9461133e-001  8.8964628e+000
 -5.8684546e-001  9.3057666e+000
 -5.8373241e-001  9.3041909e+000
 -5.9858612e-001  9.4479404e+000
 -5.8991316e-001  9.1280555e+000
 -5.9578009e-001  9.1824609e+000
 -5.7983696e-001  9.3766623e+000
 -5.9725132e-001  9.0210208e+000
 -5.8795600e-001  9.3926996e+000
 -5.7787692e-001  9.0526554e+000
 -5.8695151e-001  9.3220118e+000
 -5.9941065e-001  9.0680042e+000
 -5.8817758e-001  8.8551654e+000
 -6.0053106e-001  9.2807235e+000
 -5.9361388e-001  9.0945562e+000
  6.8319992e-001  9.0764234e+000
  7.0085050e-001  9.2189518e+000
  6.9543376e-001  9.1257776e+000
  6.9506011e-001  8.3318613e+000
  6.9053977e-001  8.0865770e+000
  6.9842102e-001  7.2524131e+000
  6.8839416e-001  7.2755019e+000
  6.9750070e-001  6.1169887e+000
  6.9786150e-001  5.6904728e+000
  6.9617865e-001  5.3842340e+000
  6.9139592e-001  4.2211313e+000
  6.9726950e-001  4.1544939e+000
  6.8964858e-001  3.2746200e+000
  6.9430453e-001  2.6769521e+000
  7.0037118e-001  2.2662778e+000
  6.9836956e-001  1.4150100e+000
  6.8427235e-001  1.4317421e+000
  6.9849866e-001  5.3854810e-001
  6.9964345e-001  3.5961691e-002
  6.9580231e-001  1.8109721e-001
  6.8398967e-001 -7.0934301e-001
  6.9182566e-001 -9.0883745e-001
  7.0020884e-001 -8.2857634e-001
  7.0235955e-001 -1.5635252e+000
  6.8691157e-001 -1.7711814e+000
  7.0180236e-001 -1.7728061e+000
  7.0277245e-001 -2.0889674e+000
  6.8227337e-001 -2.3851957e+000
  6.8504032e-001 -2.0382977e+000
  6.8128594e-001 -2.6595066e+000
  6.9063550e-001 -2.5804031e+000
  6.8283194e-001 -2.6820990e+000
  6.8802167e-001 -2.6516785e+000
  6.9308261e-001 -2.7404837e+000
  6.8134520e-001 -3.0012980e+000
  6.8725911e-001 -2.9376919e+000
  7.0167152e-001 -3.1289717e+000
  7.0211238e-001 -3.4825550e+000
  7.0097822e-001 -3.4178532e+000
  6.9034046e-001 -3.7533780e+000
  6.8608769e-001 -3.1347861e+000
  6.8116917e-001 -3.5138466e+000
  6.7896366e-001 -3.6760750e+000
  7.0100219e-001 -3.6486829e+000
  6.8075865e-001 -3.5338337e+000
  7.0228796e-001 -3.5670562e+000
  6.9683267e-001 -3.4443736e+000
  6.9507192e-001 -3.8110671e+000
  6.8990001e-001 -3.8478123e+000
  6.9738914e-001 -3.6344656e+000
  7.0266672e-001 -3.8898055e+000
  6.9431179e-001 -3.5226318e+000
  6.8713242e-001 -3.8828995e+000
  6.7977508e-001 -3.6529683e+000
  6.9707979e-001 -3.4927741e+000
  6.9119069e-001 -3.8765978e+000
  6.9551755e-001 -3.7804176e+000
  6.9292060e-001 -3.5395515e+000
  6.8474281e-001 -3.7525903e+000
  6.8727470e-001 -4.1162104e+000
  6.8340977e-001 -4.1070763e+000
  6.9654266e-001 -3.7963306e+000
  6.9839246e-001 -4.1138042e+000
  6.8895846e-001 -3.9816112e+000
  6.8388318e-001 -3.8879085e+000
  6.8422151e-001 -3.5837036e+000
  7.0226894e-001 -3.5405149e+000
  6.9400290e-001 -4.0908348e+000
  6.8928116e-001 -4.1509388e+000
 -9.9685127e-001 -3.5321635e+000
 -9.8340662e-001 -4.1751321e+000
 -9.8173442e-001 -3.6996555e+000
 -1.0009954e+000 -2.4418098e+000
 -9.9243507e-001 -1.6363359e+000
 -9.9771117e-001  2.4246817e-001
 -9.8646649e-001  1.1526761e+000
 -1.0010478e+000  2.9005797e+000
 -1.0044036e+000  4.5310248e+000
 -1.0038391e+000  5.6073304e+000
 -9.9578195e-001  7.1834658e+000
 -9.8482981e-001  8.7452127e+000
 -9.9916415e-001  1.0240442e+001
 -1.0006211e+000  1.1591757e+001
 -9.8313544e-001  1.2677733e+001
 -9.8241772e-001  1.4083891e+001
 -1.0006570e+000  1.4974018e+001
 -9.8414927e-001  1.5957921e+001
 -9.8380129e-001  1.7521293e+001
 -1.0044519e+000  1.8022501e+001
 -9.9064514e-001  1.9116652e+001
 -9.9244957e-001  1.9874622e+001
 -9.9089432e-001  2.0224293e+001
 -9.8493715e-001  2.1224291e+001
 -9.8426650e-001  2.1530799e+001
 -9.8927576e-001  2.2454429e+001
 -1.0006115e+000  2.2747438e+001
 -1.0019200e+000  2.3121030e+001
 -9.8999003e-001  2.3710904e+001
 -1.0008502e+000  2.3970723e+001
 -1.0016533e+000  2.4475584e+001
 -9.8069221e-001  2.4867040e+001
 -9.8428533e-001  2.4659423e+001
 -9.8613740e-001  2.5422541e+001
 -9.8764837e-001  2.5309935e+001
 -9.9774906e-001  2.5551808e+001
 -9.9814327e-001  2.5480994e+001
 -9.9716966e-001  2.5763478e+001
 -9.8388245e-001  2.6115300e+001
 -9.9967239e-001  2.5917028e+001
 -9.9022714e-001  2.6208744e+001
 -9.8699930e-001  2.6392738e+001
 -9.9697143e-001  2.6143908e+001
 -9.9412570e-001  2.6732349e+001
 -1.0002961e+000  2.6859694e+001
 -9.9827001e-001  2.6482962e+001
 -9.8182962e-001  2.6443053e+001
 -9.8509530e-001  2.6963007e+001
 -9.9279002e-001  2.6672766e+001
 -1.0001679e+000  2.6843046e+001
 -9.8947173e-001  2.6767601e+001
 -9.8313051e-001  2.6729107e+001
 -9.9972353e-001  2.6951096e+001
 -9.8074532e-001  2.6982275e+001
 -9.9006574e-001  2.7284031e+001
 -9.8320327e-001  2.6948566e+001
 -9.9076364e-001  2.7049092e+001
 -8.4472385e-001  2.7101305e+001
