 -3.7033239e-001  4.1614592e+000
 -1.8019326e-001  1.4640375e+000
  3.0748020e-002 -5.8783212e-001
 -4.3452360e-001  5.8012411e+000
 -5.0239539e-002  7.5139214e-001
 -9.4279485e-001  2.4663448e+001
 -7.2243516e-001  1.4287237e+001
 -7.6231482e-001  1.5075417e+001
  2.2008993e-002 -1.4401400e-001
  8.7782283e-001 -5.8363248e+000
 -2.8664426e-001  3.4657426e+000
  8.8440577e-001 -7.3684445e+000
 -3.9075101e-001  5.2502623e+000
 -5.5017691e-001  8.2705582e+000
 -7.8237521e-001  1.5509118e+001
  2.0868371e-001 -1.0397088e+000
  1.1106422e-001 -8.8689329e-001
  2.0947723e-001 -1.0377871e+000
  5.8535239e-001 -3.2640971e+000
 -9.5815104e-001  2.4759721e+001
  9.7746130e-001 -7.9739476e+000
 -8.2624670e-001  1.8792246e+001
  8.0095004e-001 -4.7022093e+000
 -5.2380543e-001  8.0790439e+000
  6.1852794e-001 -2.3927290e+000
  2.3018563e-001 -1.7721425e+000
 -4.4157896e-001  6.1165966e+000
  3.0181597e-001 -6.7365235e-001
  7.7376555e-001 -5.7815688e+000
 -2.3826590e-001  1.6315138e+000
  7.3716981e-001 -3.7238632e+000
  8.2580398e-001 -5.8127647e+000
  8.2221498e-001 -5.7755146e+000
  7.6098524e-001 -5.4999820e+000
 -5.6806586e-001  8.5591173e+000
 -9.7158677e-001  2.5801852e+001
 -8.1597427e-001  1.7476322e+001
  4.3872933e-001 -2.7496686e+000
 -3.8323696e-001  4.7288111e+000
 -5.7385247e-001  9.5202656e+000
 -7.6571732e-001  1.5274372e+001
 -2.7339278e-001  2.4149797e+000
 -3.3437302e-001  4.0601429e+000
  2.1757204e-001 -1.6770226e+000
 -9.7817659e-001  2.7183445e+001
 -8.2293245e-001  1.8098239e+001
  1.0995414e-001 -8.4524263e-001
  9.3629173e-001 -7.8398827e+000
  5.2888898e-001 -2.0972484e+000
 -3.0289136e-001  2.4184355e+000
  8.3599096e-001 -5.8075246e+000
  8.9406744e-001 -6.7628530e+000
 -3.3536866e-001  2.8542188e+000
 -4.9477919e-001  7.3985822e+000
 -1.0261785e-001  2.1472554e-001
  4.8038238e-001 -1.5032217e+000
 -8.0570464e-001  1.6805646e+001
  5.6381637e-001 -2.7766812e+000
 -4.5864198e-001  6.4814938e+000
 -7.4277082e-001  1.4698214e+001
  8.9829470e-001 -7.8276235e+000
  6.3737696e-001 -3.7177909e+000
 -7.4698810e-001  1.4300419e+001
  4.6224126e-001 -2.5231647e+000
 -5.2177761e-001  7.6008624e+000
 -7.7673707e-001  1.6065192e+001
 -5.3841730e-001  7.2316496e+000
  6.3487875e-001 -2.4890520e+000
 -6.0602477e-001  8.8790565e+000
  7.5656500e-001 -4.4552123e+000
  5.2069773e-001 -3.0819173e+000
  7.5064768e-001 -4.8308248e+000
 -9.4608294e-001  2.4200306e+001
 -5.2530909e-001  6.6947861e+000
 -1.7976012e-001  1.0235194e+000
 -1.7690588e-001  2.0603955e+000
 -5.2484797e-001  7.6815154e+000
  7.5191600e-001 -4.6515466e+000
 -8.2182897e-001  1.7939154e+001
  3.3167587e-001 -1.3328995e+000
 -5.0485201e-001  6.5872622e+000
 -7.7542725e-001  1.5385082e+001
  2.0576255e-001 -1.5907685e+000
  9.3827220e-001 -7.7211359e+000
  4.9161896e-001 -2.4413994e+000
 -7.7573274e-001  1.5209232e+001
 -6.4869374e-001  1.0771615e+001
 -3.5300146e-001  3.8973109e+000
 -8.2625822e-001  1.8217509e+001
  5.3025055e-001 -1.9839771e+000
  3.0550645e-002  3.7900193e-001
 -6.6546519e-001  1.2310788e+001
  1.6134688e-001 -6.4678853e-001
 -5.7268695e-001  7.9044213e+000
 -6.8876214e-001  1.3246081e+001
  1.9849224e-001 -2.2998753e-001
 -4.1697264e-001  4.3252796e+000
 -3.0433638e-002  4.6913818e-001
 -5.9848129e-001  8.6975068e+000
 -8.0193444e-001  1.7715032e+001
 -3.8719980e-001  4.4593883e+000
 -5.9459580e-001  9.0104446e+000
  6.9394402e-001 -4.6058561e+000
  3.9620663e-001 -2.4598063e+000
 -3.0562346e-001  3.7834627e+000
  3.2122116e-001 -2.0668368e+000
 -2.3123889e-001  2.2515984e+000
  8.9296719e-002 -6.7999315e-001
 -7.1946949e-001  1.3725415e+001
  3.2629361e-001 -8.0339871e-001
 -5.9823592e-002  8.8782921e-001
 -1.2303307e-001  1.2577482e+000
  5.5868109e-001 -2.5462722e+000
 -7.8147376e-001  1.5984948e+001
  3.8950245e-001 -1.0278841e+000
 -8.7879876e-001  2.1233497e+001
  1.6346034e-001 -1.5084863e+000
 -2.5165319e-001  1.4595402e+000
 -2.8179280e-001  3.2390902e+000
  4.3486842e-001 -1.7428320e+000
  3.9580211e-001 -1.4246269e+000
  5.8991966e-001 -2.7652359e+000
  1.6987771e-001 -1.2107116e+000
 -8.9924596e-002  9.1413608e-001
 -6.2224677e-001  1.0862491e+001
 -6.6873785e-001  1.1548110e+001
  7.5485893e-001 -5.0037176e+000
 -1.4409470e-001  4.8408179e-001
 -1.7586350e-001  1.6640273e+000
  7.6884267e-004  4.9428770e-002
  1.0962581e-001 -2.2352875e-002
 -1.4762392e-001  1.1239861e+000
  5.8735021e-001 -3.4229400e+000
 -1.6358563e-001  1.7244715e+000
 -5.6141442e-001  9.0545528e+000
  3.0202381e-001 -1.1927374e+000
  8.6163148e-001 -6.1886408e+000
 -5.9969742e-001  9.6903414e+000
  5.8789007e-001 -2.6420737e+000
 -2.1823320e-001  1.2075879e+000
  3.6825767e-003 -4.4379507e-001
  8.2668868e-001 -5.4350587e+000
 -1.8901587e-001  1.3080439e+000
  2.7935165e-001 -1.1129215e+000
 -1.9873895e-001  1.0998743e+000
 -6.4071380e-001  1.1276514e+001
  7.3273888e-001 -4.1933468e+000
  7.7840353e-001 -5.4763871e+000
  1.8182634e-002 -8.0194456e-001
 -5.4331963e-001  8.6875269e+000
  8.5491664e-001 -5.9889197e+000
 -5.9853527e-001  9.8346367e+000
  3.4324382e-001 -1.2717579e+000
 -5.9357514e-002  1.1910049e+000
  6.8502486e-001 -4.2552994e+000
 -9.4908780e-001  2.4300985e+001
 -9.7228080e-002  7.4998500e-001
 -1.6219828e-001  2.0122229e+000
 -9.0614493e-001  2.1840699e+001
  8.5193357e-001 -6.1217824e+000
  9.2645961e-001 -7.4753506e+000
 -5.2678682e-001  7.4030597e+000
 -2.5533989e-001  2.2551925e+000
  3.1901043e-001 -1.7224384e+000
 -3.8832483e-001  3.8228696e+000
  8.6286855e-001 -6.8347482e+000
 -6.2416549e-001  1.0232222e+001
  4.2480796e-001 -1.5595471e+000
 -7.9238595e-001  1.5882335e+001
 -3.7536224e-001  4.8932362e+000
  5.7972520e-001 -2.9237092e+000
 -7.1105831e-001  1.3183687e+001
 -3.7077232e-001  4.4662833e+000
  5.3272451e-001 -2.9127194e+000
 -4.0078558e-001  5.0121983e+000
  2.7494418e-001 -1.5629795e+000
  4.5357645e-001 -2.7360400e+000
  4.2105053e-001 -1.6286502e+000
  3.2997311e-001 -1.6187453e+000
 -3.1103433e-001  3.6073616e+000
  4.9478444e-001 -2.9940510e+000
  5.5716237e-001 -2.0053274e+000
  3.5427094e-001 -2.2254542e+000
 -6.2985422e-001  1.1007377e+001
 -3.8989944e-001  4.7278537e+000
 -3.7203819e-001  4.2435846e+000
  9.9651531e-001 -9.1857127e+000
  5.7158166e-001 -3.1954022e+000
  4.0092616e-001 -1.3752844e+000
  6.6836490e-001 -3.5720114e+000
 -2.6870408e-001  3.1111752e+000
  6.5937647e-001 -4.1791738e+000
  5.3335156e-001 -1.8567003e+000
  2.9449884e-001 -4.5428154e-001
 -9.3819815e-001  2.3824780e+001
  9.9907756e-001 -9.7916258e+000
  5.5364370e-001 -2.6571285e+000
 -3.4508351e-001  3.4993486e+000
 -9.1443077e-001  2.2135892e+001
 -7.6046997e-002  1.2219073e+000
