  3.5125646e-003  2.0885973e-001
  3.9107193e-005 -4.7335389e-002
 -9.5773634e-003 -2.2393407e-001
 -7.5518428e-003  2.1933230e-001
 -8.3477850e-003 -2.7868965e-001
  4.3458646e-003 -1.7860496e-001
 -8.4754386e-003  1.1655291e-002
 -7.7484586e-003  1.9782507e-001
 -9.4852252e-003 -2.6782665e-001
  4.9081837e-005 -1.8760740e-001
  6.9819171e-001 -2.2130567e-001
  7.0855980e-001 -3.1207632e-001
  7.0756640e-001  2.5594129e-001
  7.1595333e-001 -2.2296871e-001
  7.0988640e-001 -3.4516184e-001
  7.1852314e-001 -3.7490443e-001
  7.1253554e-001 -7.9327952e-001
  7.1194178e-001 -7.4584312e-001
  6.9987571e-001 -9.5806831e-001
  7.0929681e-001 -9.7412308e-001
  7.0003010e-001 -1.8289100e+000
  7.1561487e-001 -1.4717234e+000
  7.0881484e-001 -1.6459589e+000
  7.1104664e-001 -2.2268166e+000
  7.1146466e-001 -2.0026564e+000
  7.0096479e-001 -2.0461535e+000
  6.9914146e-001 -2.7362307e+000
  7.1919394e-001 -2.8824770e+000
  7.1016916e-001 -2.6461071e+000
  7.0449394e-001 -2.6607510e+000
  6.9865573e-001 -3.1646192e+000
  7.0375597e-001 -3.0965406e+000
  7.1310296e-001 -3.4998755e+000
  6.9792202e-001 -3.4192106e+000
  7.0303171e-001 -3.4474081e+000
  7.1562167e-001 -3.5623000e+000
  7.1094958e-001 -3.3487100e+000
  7.1613414e-001 -3.6738535e+000
  7.1221292e-001 -3.5084690e+000
  6.9839142e-001 -3.8228421e+000
  7.2019604e-001 -3.8680168e+000
  7.0662657e-001 -3.9950868e+000
  7.1339756e-001 -3.7824496e+000
  7.1556023e-001 -3.6316056e+000
  7.0387138e-001 -3.9989330e+000
  7.1868037e-001 -3.9907861e+000
  7.0467049e-001 -3.6588076e+000
  7.2065789e-001 -3.9853387e+000
  7.0991360e-001 -3.7655455e+000
  7.1164028e-001 -3.9009898e+000
  7.1986471e-001 -3.8787485e+000
  7.2023447e-001 -4.0703330e+000
  6.9801827e-001 -4.1250828e+000
  7.0344138e-001 -4.2434221e+000
  7.1096574e-001 -3.9874816e+000
  7.2058017e-001 -4.3612530e+000
  7.1608889e-001 -4.0552735e+000
  7.1376148e-001 -3.9704710e+000
  7.0137366e-001 -3.9460972e+000
  7.1397208e-001 -3.7205469e+000
  7.1402237e-001 -4.2085131e+000
  7.1210699e-001 -4.3443866e+000
  7.1456188e-001 -3.8198227e+000
  7.0554237e-001 -4.2068901e+000
  6.9968410e-001 -3.8444250e+000
  7.0064151e-001 -4.1895003e+000
  6.9988493e-001 -4.3402638e+000
  7.2007724e-001 -4.0691894e+000
  7.0282939e-001 -3.9688669e+000
  7.0264275e-001 -4.2501483e+000
  7.1908815e-001 -4.1729748e+000
  6.9736037e-001 -4.2600424e+000
  7.0199077e-001 -4.0133774e+000
  7.0900066e-001 -4.4346324e+000
  7.0934216e-001 -4.3761543e+000
  7.1771439e-001 -3.7760092e+000
  7.1931498e-001 -4.0845033e+000
  7.1871743e-001 -4.2247432e+000
  7.0636183e-001 -4.1633626e+000
 -2.0466084e-001 -4.3939769e+000
 -1.9886695e-001 -3.8172586e+000
 -1.9626138e-001 -3.7430249e+000
 -2.0093089e-001 -3.8111805e+000
 -2.1043927e-001 -3.7748666e+000
 -2.1765944e-001 -3.1115975e+000
 -1.9693732e-001 -3.3164582e+000
 -1.9511134e-001 -2.7690767e+000
 -2.1626670e-001 -2.8061088e+000
 -1.9709659e-001 -2.4031379e+000
 -2.1025901e-001 -2.1325084e+000
 -2.1049298e-001 -1.5261492e+000
 -2.1488535e-001 -1.4168332e+000
 -2.1165626e-001 -1.2595060e+000
 -1.9942435e-001 -1.1839487e+000
 -2.0372592e-001 -9.7243217e-001
 -2.1265896e-001 -4.1113910e-001
 -1.9857745e-001 -5.5472941e-001
 -1.9419331e-001 -4.5617848e-001
 -2.1074932e-001 -1.9310808e-001
 -2.0638519e-001  4.9022548e-001
 -2.0359167e-001  4.6154957e-001
 -1.9901234e-001  5.8553049e-001
 -2.0027963e-001  4.4363379e-001
 -2.0587915e-001  5.7569809e-001
 -2.1592576e-001  6.2818557e-001
 -2.0078361e-001  1.0927938e+000
 -1.9516558e-001  6.2995178e-001
 -2.1265077e-001  1.0385651e+000
 -2.0026098e-001  1.3629633e+000
 -1.9855534e-001  1.0022539e+000
 -2.0792255e-001  1.3203360e+000
 -2.0719434e-001  1.0024745e+000
 -2.1651368e-001  1.4232199e+000
 -1.9726299e-001  1.4589613e+000
 -2.1175728e-001  1.6471123e+000
 -1.9576011e-001  1.5868640e+000
 -1.9955998e-001  1.6700423e+000
 -1.9648258e-001  1.1618422e+000
 -2.0486347e-001  1.6014398e+000
 -2.0894817e-001  1.3238697e+000
 -2.0860046e-001  1.1994838e+000
 -1.9702088e-001  1.6228856e+000
 -2.0171922e-001  1.3189228e+000
 -1.9807936e-001  1.7413111e+000
 -2.1382781e-001  1.2985924e+000
 -2.1772258e-001  1.7918998e+000
 -2.1280006e-001  1.4172979e+000
 -2.0316579e-001  1.5720305e+000
 -2.0758199e-001  1.8356681e+000
 -2.0278209e-001  1.3216898e+000
 -2.0466159e-001  1.4867756e+000
 -2.1087368e-001  1.6375355e+000
 -1.9631541e-001  1.5568291e+000
 -1.9399551e-001  1.6097307e+000
 -2.1711959e-001  1.7836807e+000
 -1.9994805e-001  1.7609707e+000
 -1.9940227e-001  1.3412841e+000
 -2.0740176e-001  1.3791667e+000
 -2.0509328e-001  1.7847205e+000
 -2.0412773e-001  1.6279835e+000
 -2.0347416e-001  1.6234282e+000
 -2.0117877e-001  1.9928342e+000
 -2.0793439e-001  1.8594770e+000
 -1.9666383e-001  1.4090199e+000
 -2.1753837e-001  1.6946015e+000
 -1.9804909e-001  1.8201874e+000
 -2.1713102e-001  1.9911403e+000
 -1.9625777e-001  1.3888299e+000
  5.8479792e-001  1.8767549e+000
  5.8236103e-001  1.3749650e+000
  5.8155361e-001  1.5067425e+000
  5.7075491e-001  1.1751914e+000
  5.7934301e-001  1.4135834e+000
  5.9128585e-001  1.1458576e+000
  5.7709973e-001  8.8654785e-001
  5.8877073e-001  5.5883867e-001
  5.8248661e-001  6.1362741e-001
  5.8920806e-001  5.8944384e-001
  5.8774306e-001 -2.7017449e-001
  5.8166957e-001  1.7581783e-002
  5.8603041e-001 -4.7142768e-001
  5.7734701e-001 -8.9784198e-001
  5.8744560e-001 -1.0553176e+000
  5.7852820e-001 -1.1939171e+000
  5.8658012e-001 -1.1171728e+000
  5.8705525e-001 -1.0497973e+000
  5.8840967e-001 -1.2895065e+000
  5.8936208e-001 -1.7713461e+000
  5.8177001e-001 -1.3623800e+000
  5.8639930e-001 -1.5902356e+000
  5.9049629e-001 -2.0826984e+000
  5.7610050e-001 -2.0171294e+000
  5.7961014e-001 -1.7805127e+000
  5.7794806e-001 -1.9591054e+000
  5.8459369e-001 -2.4939436e+000
  5.8902157e-001 -2.2139612e+000
  5.7698753e-001 -2.5145132e+000
  5.9005442e-001 -2.2724433e+000
  5.7042361e-001 -2.6019199e+000
  5.7711920e-001 -2.4658542e+000
  5.8199170e-001 -2.1548806e+000
  5.7380808e-001 -2.6422495e+000
  5.8025520e-001 -2.2991261e+000
  5.8118536e-001 -2.5230349e+000
  5.8816481e-001 -2.5602206e+000
  5.8982213e-001 -2.6205639e+000
  5.8293942e-001 -2.5094365e+000
  5.8527692e-001 -2.5490681e+000
  5.7630617e-001 -2.6285390e+000
  5.8273782e-001 -3.0294961e+000
  5.7406023e-001 -2.8095233e+000
  5.9164502e-001 -2.9147180e+000
  5.8041581e-001 -2.6830855e+000
  5.9038253e-001 -2.7402976e+000
  5.7860801e-001 -2.9332548e+000
  5.9126933e-001 -2.4917973e+000
  5.8046143e-001 -2.5685624e+000
  5.8080384e-001 -3.0348438e+000
  5.8700652e-001 -3.0718386e+000
  5.8550186e-001 -3.1022574e+000
  5.8515489e-001 -2.7869287e+000
  5.7971369e-001 -2.5681830e+000
  5.7128297e-001 -3.1120870e+000
  5.9166560e-001 -2.8871161e+000
  5.7842001e-001 -3.0419219e+000
  5.7078603e-001 -2.8130339e+000
  5.8276131e-001 -2.7413711e+000
  5.7711160e-001 -2.8031985e+000
  5.7651005e-001 -2.7921728e+000
  5.7008624e-001 -2.6210156e+000
  5.8374036e-001 -3.0685005e+000
  5.7534100e-001 -2.5897555e+000
  5.7398901e-001 -2.9060609e+000
  5.9249573e-001 -2.5442194e+000
  5.8403312e-001 -2.5118972e+000
  5.7678438e-001 -2.5626604e+000
  5.8303047e-001 -3.0093748e+000
 -4.4360231e-001 -2.5833272e+000
 -4.4182460e-001 -2.6188934e+000
 -4.5078113e-001 -3.0442180e+000
 -4.4973968e-001 -2.1418087e+000
 -4.4112791e-001 -1.8141365e+000
 -4.5134237e-001 -2.1287623e+000
 -4.3952023e-001 -1.2570164e+000
 -4.5210827e-001 -1.2206956e+000
 -4.4801940e-001 -8.7885953e-001
 -4.5265094e-001 -2.9781827e-001
 -4.3799976e-001  3.0399142e-001
 -4.4110337e-001  7.7657031e-001
 -4.5627588e-001  1.2557251e+000
 -4.4717692e-001  1.3881232e+000
 -4.3722037e-001  1.7952178e+000
 -4.5086052e-001  2.3445377e+000
 -4.4723004e-001  2.1574129e+000
 -4.4735453e-001  2.7631019e+000
 -4.4812930e-001  3.1916903e+000
 -4.5024022e-001  2.7742577e+000
 -4.4662193e-001  3.6302959e+000
 -4.5228207e-001  3.8763431e+000
 -4.3717430e-001  4.0052625e+000
 -4.5571259e-001  3.9853887e+000
 -4.5833645e-001  4.3282950e+000
 -4.5986570e-001  4.5149425e+000
 -4.4703354e-001  4.3174757e+000
 -4.5912946e-001  4.6715759e+000
 -4.4978848e-001  4.3451427e+000
 -4.4759696e-001  4.3867609e+000
 -4.5285253e-001  4.6146411e+000
 -4.4749254e-001  4.5677579e+000
 -4.6031066e-001  5.0549816e+000
 -4.4778211e-001  5.2124853e+000
 -4.4963590e-001  5.1969116e+000
 -4.4067687e-001  5.3750232e+000
 -4.4815753e-001  5.4916772e+000
 -4.5956664e-001  5.4567832e+000
 -4.5064255e-001  5.2936487e+000
 -4.3864559e-001  5.5254803e+000
 -4.5413625e-001  5.4018152e+000
 -4.5437219e-001  5.3550629e+000
 -4.3691169e-001  5.0227181e+000
 -4.5778940e-001  5.3487683e+000
 -4.5037266e-001  5.6097670e+000
 -4.4799623e-001  5.5212740e+000
 -4.4814996e-001  5.3306162e+000
 -4.3781083e-001  5.3722084e+000
 -4.5980061e-001  5.3703306e+000
 -4.4242662e-001  5.2455071e+000
 -4.5134227e-001  5.4104158e+000
 -4.5308495e-001  5.5477086e+000
 -4.4714385e-001  5.4027767e+000
 -4.4783986e-001  5.6054794e+000
 -4.6003220e-001  5.2930058e+000
 -4.4418974e-001  5.5472156e+000
 -4.5166736e-001  5.4763235e+000
 -4.4373891e-001  5.4408063e+000
 -4.4665839e-001  5.4255686e+000
 -4.5048949e-001  5.3270863e+000
 -4.4511193e-001  5.2508885e+000
 -4.4328280e-001  5.5266300e+000
 -4.5261303e-001  5.7830266e+000
 -4.4837580e-001  5.4674364e+000
 -4.3839244e-001  5.5392321e+000
 -4.5305575e-001  5.2468424e+000
 -4.6061788e-001  5.2711853e+000
 -4.4023456e-001  5.5080614e+000
 -4.5499685e-001  5.5691523e+000
 -3.5457231e-001  5.3203549e+000
 -3.4410196e-001  5.5328002e+000
 -3.4768982e-001  5.5097561e+000
 -3.4481860e-001  5.5140006e+000
 -3.5228209e-001  5.3545458e+000
 -3.5192543e-001  4.9984405e+000
 -3.4547848e-001  5.0211340e+000
 -3.3936383e-001  4.8335373e+000
 -3.4794855e-001  4.9619645e+000
 -3.4518887e-001  4.6832508e+000
 -3.3951077e-001  4.8471400e+000
 -3.4722166e-001  5.0511102e+000
 -3.5281042e-001  4.6029102e+000
 -3.3354108e-001  4.2807572e+000
 -3.4102109e-001  4.6804785e+000
 -3.3430854e-001  4.6480794e+000
 -3.5157080e-001  4.0735314e+000
 -3.5433406e-001  4.0975508e+000
 -3.4081278e-001  4.2850290e+000
 -3.5020601e-001  4.0276803e+000
 -3.3336696e-001  4.4434249e+000
 -3.3953415e-001  4.2036585e+000
 -3.4661640e-001  3.7529179e+000
 -3.5402195e-001  3.8367083e+000
 -3.4209754e-001  3.7878588e+000
 -3.3884534e-001  3.7419412e+000
 -3.5213669e-001  3.9558728e+000
 -3.3882650e-001  4.1019968e+000
 -3.3741728e-001  3.8378742e+000
 -3.3565227e-001  3.8678668e+000
 -3.5362492e-001  3.8800240e+000
 -3.5495689e-001  3.9819453e+000
 -3.5002903e-001  4.0177731e+000
 -3.3854851e-001  3.5960141e+000
 -3.5661885e-001  4.0708727e+000
 -3.5030933e-001  3.5594875e+000
 -3.4944954e-001  3.3645784e+000
 -3.5668833e-001  3.4931416e+000
 -3.3652996e-001  3.9109779e+000
 -3.3419318e-001  3.5361066e+000
 -3.3490300e-001  3.4022284e+000
 -3.3430385e-001  3.7113076e+000
 -3.4161534e-001  3.5516504e+000
 -3.3537885e-001  3.7003106e+000
 -3.5258362e-001  3.5053439e+000
 -3.3405659e-001  3.5783819e+000
 -3.5133345e-001  3.5415569e+000
 -3.5130620e-001  3.5261382e+000
 -3.5137144e-001  3.8375156e+000
 -3.4188145e-001  3.3157073e+000
 -3.3386488e-001  3.3397844e+000
 -3.5153559e-001  3.4591692e+000
 -3.4450250e-001  3.9045763e+000
 -3.4047511e-001  3.5502357e+000
 -3.3517295e-001  3.5182287e+000
 -3.4853421e-001  3.8004955e+000
 -3.5442993e-001  3.6042693e+000
 -3.5400637e-001  3.2743750e+000
 -3.4619539e-001  3.2843473e+000
 -3.4825774e-001  3.7187892e+000
 -3.5158685e-001  3.8430209e+000
 -3.4015153e-001  3.5233822e+000
 -3.3443080e-001  3.2802402e+000
 -3.4034986e-001  3.3599310e+000
 -3.5629114e-001  3.3010645e+000
 -3.3383189e-001  3.2920545e+000
 -3.4909347e-001  3.3448851e+000
 -3.4004905e-001  3.6665353e+000
 -3.3456015e-001  3.7641313e+000
 -6.2041605e-001  3.8212819e+000
 -6.0764273e-001  3.3776505e+000
 -6.0625809e-001  3.8829062e+000
 -6.1485655e-001  3.5400227e+000
 -6.0762384e-001  4.1904231e+000
 -6.2489452e-001  4.3852479e+000
 -6.0434146e-001  4.4491734e+000
 -6.0773742e-001  5.2723601e+000
 -6.1371172e-001  5.1960133e+000
 -6.0529570e-001  5.9090651e+000
 -6.1854999e-001  6.0005721e+000
 -6.0664570e-001  6.5602956e+000
 -6.0420476e-001  6.1738878e+000
 -6.1352191e-001  7.1079756e+000
 -6.1789397e-001  7.1160493e+000
 -6.2111239e-001  7.6133123e+000
 -6.1758057e-001  7.5946588e+000
 -6.0851995e-001  7.9749903e+000
 -6.0466557e-001  7.8199550e+000
 -6.1920932e-001  8.1868754e+000
 -6.0846114e-001  7.9405345e+000
 -6.1973603e-001  8.3071907e+000
 -6.0479233e-001  8.5318541e+000
 -6.2455743e-001  8.4584987e+000
 -6.1776658e-001  8.9956475e+000
 -6.2454668e-001  8.8451841e+000
 -6.2425442e-001  8.6918812e+000
 -6.2571238e-001  8.9409985e+000
 -6.1731329e-001  9.5186164e+000
 -6.1746920e-001  9.0021726e+000
 -6.2487545e-001  9.5007907e+000
 -6.2307724e-001  9.6650329e+000
 -6.2071124e-001  9.6487166e+000
 -6.0963051e-001  9.2756217e+000
 -6.2267857e-001  9.6277980e+000
 -6.1468112e-001  9.7679511e+000
 -6.0754104e-001  9.3769803e+000
 -6.0536030e-001  9.4433183e+000
 -6.1107007e-001  9.7344218e+000
 -6.1807996e-001  9.8076566e+000
 -6.0957014e-001  9.6840240e+000
 -6.2401740e-001  9.5726012e+000
 -6.2370408e-001  9.6378012e+000
 -6.0823392e-001  9.7344477e+000
 -6.2314609e-001  9.8953381e+000
 -6.2452670e-001  9.7544188e+000
 -6.1541913e-001  1.0077924e+001
 -6.1566737e-001  9.8752183e+000
 -6.1344329e-001  1.0056816e+001
 -6.0671049e-001  9.7511447e+000
 -6.0948575e-001  9.9799476e+000
 -6.0695114e-001  1.0183227e+001
 -6.0899067e-001  9.6611499e+000
 -6.0462988e-001  9.7959633e+000
 -6.2085878e-001  1.0024357e+001
 -6.2304417e-001  9.6569030e+000
 -6.0845303e-001  9.8357068e+000
 -6.2567021e-001  9.8630120e+000
 -6.2002872e-001  9.8915182e+000
 -6.0498289e-001  9.5952084e+000
 -6.1591050e-001  9.7863674e+000
 -6.1378749e-001  9.9019967e+000
 -6.2469946e-001  1.0204384e+001
 -6.0562597e-001  1.0185538e+001
 -6.1015624e-001  1.0063713e+001
 -6.0898379e-001  1.0083454e+001
 -6.0842390e-001  9.6524245e+000
 -6.2038884e-001  1.0044662e+001
 -6.2162225e-001  1.0263862e+001
 -9.6007332e-001  1.0195644e+001
 -9.6513353e-001  1.0166269e+001
 -9.7531592e-001  1.0493338e+001
 -9.5729106e-001  1.0574502e+001
 -9.6673443e-001  1.0932981e+001
 -9.6089856e-001  1.2089286e+001
 -9.7503103e-001  1.2885486e+001
 -9.7303858e-001  1.3207623e+001
 -9.7629108e-001  1.4413928e+001
 -9.6213956e-001  1.5180560e+001
 -9.6716925e-001  1.5680763e+001
 -9.7806450e-001  1.6168198e+001
 -9.7096905e-001  1.7503444e+001
 -9.5624091e-001  1.8008788e+001
 -9.5787670e-001  1.8586017e+001
 -9.7035443e-001  1.8999430e+001
 -9.6993990e-001  1.9955491e+001
 -9.7596522e-001  2.0207970e+001
 -9.7226897e-001  2.0559708e+001
 -9.7257862e-001  2.0892699e+001
 -9.7260014e-001  2.1341413e+001
 -9.6776826e-001  2.1945408e+001
 -9.6089290e-001  2.2114830e+001
 -9.7755816e-001  2.2799995e+001
 -9.6819228e-001  2.2667578e+001
 -9.6708680e-001  2.2979294e+001
 -9.7710823e-001  2.3814854e+001
 -9.5752564e-001  2.3771141e+001
 -9.7926722e-001  2.4195859e+001
 -9.7147423e-001  2.4027637e+001
 -9.6716712e-001  2.4556986e+001
 -9.6224911e-001  2.4180324e+001
 -9.7651846e-001  2.4270861e+001
 -9.6504140e-001  2.4606923e+001
 -9.6776316e-001  2.4952035e+001
 -9.5818997e-001  2.4940199e+001
 -9.6776347e-001  2.4658629e+001
 -9.5910946e-001  2.5022518e+001
 -9.7926241e-001  2.4858619e+001
 -9.7906718e-001  2.5421977e+001
 -9.7548327e-001  2.5497388e+001
 -9.6065047e-001  2.5049240e+001
 -9.6323168e-001  2.5185664e+001
 -9.6535290e-001  2.5135819e+001
 -9.6332374e-001  2.5435097e+001
 -9.7298059e-001  2.5317637e+001
 -9.6951413e-001  2.5249976e+001
 -9.5991799e-001  2.5891334e+001
 -9.7154042e-001  2.5437033e+001
 -9.7172391e-001  2.5370882e+001
 -9.7570849e-001  2.5434336e+001
 -9.6226293e-001  2.5527637e+001
 -9.5882985e-001  2.5692906e+001
 -9.7228118e-001  2.5642634e+001
 -9.5924993e-001  2.5678330e+001
 -9.6855476e-001  2.5527326e+001
 -9.6141206e-001  2.5821211e+001
 -9.7390507e-001  2.5724604e+001
 -9.7820330e-001  2.5391195e+001
 -9.7627793e-001  2.6000872e+001
 -9.5715911e-001  2.5765012e+001
 -9.5879908e-001  2.5963406e+001
 -9.6599023e-001  2.5977604e+001
 -9.7314168e-001  2.5757093e+001
 -9.6636973e-001  2.6058389e+001
 -9.6811070e-001  2.6056000e+001
 -9.7521565e-001  2.5854630e+001
 -9.8020071e-001  2.5993678e+001
 -9.7806101e-001  2.6104384e+001
  9.0923863e-001  2.5712219e+001
  8.8899814e-001  2.6049702e+001
  8.9813044e-001  2.5462337e+001
  8.9935299e-001  2.4367707e+001
  9.0950113e-001  2.3492440e+001
  8.9697774e-001  2.1809573e+001
  9.0920197e-001  1.9922264e+001
  8.9253453e-001  1.8383212e+001
  9.0917954e-001  1.7184146e+001
  8.8909808e-001  1.5236109e+001
  8.9315854e-001  1.3788133e+001
  8.9993094e-001  1.1991243e+001
  8.9002352e-001  1.0496989e+001
  8.8974407e-001  9.3090880e+000
  9.0758990e-001  8.1209795e+000
  8.9494505e-001  7.0803413e+000
  8.9145558e-001  5.8102878e+000
  9.0022791e-001  4.8786127e+000
  9.0655279e-001  3.6712429e+000
  9.1097418e-001  2.8881948e+000
  9.0016546e-001  1.8368881e+000
  8.9342195e-001  6.6326282e-001
  9.0328169e-001 -6.2643500e-002
  9.0840453e-001 -6.7048310e-001
  8.8721339e-001 -1.4935895e+000
  8.8720439e-001 -1.5227330e+000
  8.9945164e-001 -2.2991966e+000
  9.0994484e-001 -2.7780029e+000
  8.9519392e-001 -3.4145519e+000
  9.0918336e-001 -3.5737529e+000
  8.9192004e-001 -3.7526067e+000
  9.0941759e-001 -4.0004174e+000
  8.9441093e-001 -4.6762501e+000
  9.0802542e-001 -4.6907406e+000
  8.9573014e-001 -4.8826653e+000
  9.0715925e-001 -5.5256060e+000
  9.0760252e-001 -5.2830275e+000
  8.9884329e-001 -5.6469069e+000
  9.0613234e-001 -5.9147960e+000
  8.9749533e-001 -5.8390218e+000
  8.9466728e-001 -5.9918060e+000
  8.9380306e-001 -5.9826487e+000
  9.0166701e-001 -6.2104678e+000
  8.9725934e-001 -6.1447267e+000
  9.0661928e-001 -6.5101226e+000
  8.9074290e-001 -6.4036859e+000
  8.9471630e-001 -6.2000491e+000
  9.0816263e-001 -6.6466747e+000
  8.9531505e-001 -6.8613872e+000
  9.0741777e-001 -6.5476221e+000
  9.0600396e-001 -6.7409262e+000
  9.0615408e-001 -6.5351470e+000
  9.0138854e-001 -6.4681643e+000
  8.9353215e-001 -6.5880793e+000
  9.0990402e-001 -6.4881487e+000
  9.0636919e-001 -6.9482444e+000
  8.8795501e-001 -7.0446237e+000
  9.0173598e-001 -6.6254360e+000
  8.9634379e-001 -6.8377269e+000
  9.0283274e-001 -6.8512084e+000
  9.0855337e-001 -6.6093198e+000
  8.8711177e-001 -7.0721675e+000
  9.0841764e-001 -6.6328237e+000
  9.0031054e-001 -7.1183838e+000
  8.9043293e-001 -6.6563337e+000
  9.0029804e-001 -7.2486044e+000
  8.8946886e-001 -7.1333997e+000
  8.8815875e-001 -7.0828165e+000
  9.0610205e-001 -7.0229140e+000
  2.2384139e-002 -6.9465931e+000
  1.7978387e-002 -7.2314512e+000
  1.4049567e-002 -7.0029619e+000
  3.4695422e-002 -7.0319019e+000
  1.9314903e-002 -6.1473761e+000
  3.1410895e-002 -6.4803965e+000
  2.3148679e-002 -6.0309067e+000
  1.3612905e-002 -5.6405417e+000
  1.7834089e-002 -5.2591255e+000
  2.0355938e-002 -5.1638525e+000
  2.7884115e-002 -4.3061798e+000
  3.6020956e-002 -4.4071356e+000
  2.5459826e-002 -3.8480901e+000
  2.3210994e-002 -3.7972489e+000
  2.2721733e-002 -3.5814448e+000
  3.4045158e-002 -2.7579100e+000
  3.4705653e-002 -2.6180640e+000
  1.5502543e-002 -2.5791583e+000
  1.7289705e-002 -2.1772908e+000
  3.0410260e-002 -2.1940600e+000
  3.4293581e-002 -1.9033280e+000
  3.1387009e-002 -1.7228549e+000
  3.0121183e-002 -1.5256094e+000
  1.6866184e-002 -1.8520443e+000
  1.7667526e-002 -1.4493361e+000
  2.0992292e-002 -1.2589674e+000
  3.5851713e-002 -1.0542965e+000
  3.3166387e-002 -1.1750311e+000
  1.8093552e-002 -7.1984338e-001
  1.6562929e-002 -9.9694004e-001
  3.3742919e-002 -1.1360874e+000
  1.6959212e-002 -7.5910079e-001
  2.5292868e-002 -5.3336180e-001
  2.3703612e-002 -9.7139399e-001
  2.0673793e-002 -2.5859701e-001
  1.4557602e-002 -7.4856178e-001
  2.9199147e-002 -3.9276325e-001
  2.9524186e-002 -6.6510208e-001
  1.7182369e-002 -6.5139775e-001
  3.2580227e-002 -4.7489189e-001
  2.9983888e-002 -4.5448076e-002
  1.4709360e-002 -6.7414702e-001
  3.0854042e-002 -1.6622321e-003
  2.2752997e-002 -6.5418661e-001
  3.3602199e-002 -4.4868642e-002
  2.2467227e-002 -5.3578358e-001
  1.3349859e-002 -5.6473734e-001
  3.2458497e-002 -2.3099184e-001
  3.5753442e-002 -5.0068678e-002
  1.9865669e-002 -3.8551559e-002
  1.8948780e-002 -5.3689735e-001
  2.0361265e-002 -2.1775173e-001
  2.8621133e-002 -4.6245993e-001
  3.2257622e-002  1.4929139e-001
  2.7006597e-002 -3.8793749e-001
  2.9420127e-002  1.6653065e-001
  3.3158161e-002  3.9271831e-002
  3.4011618e-002 -4.9381519e-002
  1.3398803e-002  9.0349747e-002
  2.6866753e-002  1.7432751e-001
  2.3264265e-002 -2.3354470e-001
  3.2660624e-002 -4.2250216e-001
  3.0417992e-002  1.3184453e-001
  1.9381957e-002 -4.9986130e-001
  2.1066102e-002  1.9354407e-001
  2.7313954e-002 -1.7360078e-001
  2.6061524e-002 -4.6381409e-001
  3.2755830e-002 -3.9159187e-001
  2.7875225e-002 -2.1765593e-001
  4.6951013e-001 -1.1838869e-001
  4.8103220e-001  1.6812861e-001
  4.6766842e-001  6.8930103e-002
  4.6345812e-001 -3.6435855e-001
  4.6352468e-001 -6.3093404e-002
  4.6645640e-001 -2.9436646e-001
  4.7366622e-001 -6.3062956e-001
  4.7541660e-001 -5.5710259e-001
  4.7616823e-001 -4.6806292e-001
  4.5936795e-001 -6.6440651e-001
  4.7481049e-001 -1.0927573e+000
  4.7925409e-001 -1.0769038e+000
  4.6749657e-001 -6.9611349e-001
  4.6998405e-001 -1.1769266e+000
  4.7832831e-001 -1.1584201e+000
  4.7382986e-001 -9.2556910e-001
  4.6219231e-001 -1.5468950e+000
  4.8195920e-001 -1.1971486e+000
  4.6736113e-001 -1.2007566e+000
  4.6842872e-001 -1.4542025e+000
  4.6640447e-001 -1.2580090e+000
  4.8244656e-001 -1.5550190e+000
  4.6111943e-001 -1.9458891e+000
  4.6701313e-001 -1.5009974e+000
  4.6815069e-001 -1.7900506e+000
  4.7594415e-001 -1.7762247e+000
  4.7485937e-001 -2.0239657e+000
  4.7495893e-001 -1.6684813e+000
  4.7840906e-001 -1.5890022e+000
  4.7541972e-001 -1.9945053e+000
  4.6563016e-001 -2.0498506e+000
  4.5949827e-001 -1.9425678e+000
  4.7605956e-001 -2.0878965e+000
  4.8236795e-001 -1.8065924e+000
  4.6398242e-001 -1.6544817e+000
  4.6297360e-001 -1.7541910e+000
  4.6710263e-001 -1.7387236e+000
  4.6809130e-001 -1.7347475e+000
  4.8021719e-001 -1.8691195e+000
  4.6311109e-001 -2.3418840e+000
  4.6297063e-001 -2.0382646e+000
  4.6975464e-001 -2.1511176e+000
  4.7123009e-001 -2.0843526e+000
  4.7824176e-001 -1.7867466e+000
  4.6936512e-001 -2.3816520e+000
  4.7898831e-001 -1.9980175e+000
  4.6124044e-001 -2.3401227e+000
  4.7648771e-001 -2.1977934e+000
  4.6132822e-001 -1.8397329e+000
  4.8256423e-001 -2.3470904e+000
  4.6811984e-001 -1.7708661e+000
  4.7921363e-001 -2.3936378e+000
  4.8086485e-001 -2.1853968e+000
  4.6057325e-001 -1.9862972e+000
  4.6028072e-001 -1.7686556e+000
  4.6007687e-001 -2.1071938e+000
  4.6046287e-001 -1.7939930e+000
  4.7558492e-001 -1.7786760e+000
  4.7018181e-001 -2.2843120e+000
  4.7305306e-001 -2.2557891e+000
  4.6153237e-001 -2.1528884e+000
  4.7868389e-001 -2.0868363e+000
  4.7781314e-001 -2.1627574e+000
  4.6440561e-001 -1.8154085e+000
  4.7094945e-001 -2.3776006e+000
  4.6410033e-001 -2.4092764e+000
  4.6147237e-001 -1.8657320e+000
  4.7645471e-001 -1.8111086e+000
  4.7107613e-001 -1.9535306e+000
  3.1212439e-002 -1.9044294e+000
  3.9631274e-002 -1.9105798e+000
  3.7267145e-002 -2.2812157e+000
  4.2263629e-002 -1.8981446e+000
  3.7686584e-002 -2.2382746e+000
  4.5438997e-002 -1.9686218e+000
  4.9923695e-002 -1.8661382e+000
  3.0207766e-002 -1.9856158e+000
  3.2289126e-002 -1.5052154e+000
  5.0027018e-002 -1.1822782e+000
  3.6910770e-002 -1.4732717e+000
  4.8057685e-002 -1.0052580e+000
  3.7225351e-002 -9.2949180e-001
  4.4603260e-002 -8.9024165e-001
  3.1394209e-002 -1.0183803e+000
  3.6495626e-002 -7.1149558e-001
  3.4242339e-002 -8.6716916e-001
  2.9827229e-002 -7.5537695e-001
  3.3332670e-002 -9.9769056e-001
  3.0949095e-002 -7.3398551e-001
  5.0097032e-002 -7.7883489e-001
  4.6106877e-002 -8.2614560e-001
  5.3715628e-002 -6.6850703e-001
  3.1574658e-002 -4.7583019e-001
  4.4393317e-002 -5.4130983e-001
  3.3143727e-002 -4.0984976e-001
  3.4748138e-002 -4.8630110e-001
  3.4249063e-002 -5.6219106e-001
  4.1355027e-002 -6.0917547e-001
  4.8473071e-002 -1.7567855e-001
  3.8773716e-002 -3.3959239e-001
  4.8521028e-002 -2.1891985e-001
  4.5388937e-002 -2.2566267e-001
  4.7689204e-002 -5.6328009e-001
  4.9883991e-002 -4.7579459e-001
  4.8801005e-002 -2.0500795e-001
  4.1031912e-002 -1.0160122e-001
  3.4959272e-002 -3.7313608e-001
  4.0933976e-002 -1.3991376e-001
  3.9456652e-002 -4.2469029e-001
  5.2014296e-002 -5.4704100e-001
  4.6472702e-002 -5.7663477e-001
  3.5259938e-002 -6.1140693e-001
  4.6813599e-002 -2.5650835e-001
  5.1270012e-002 -3.2430949e-001
  4.6175475e-002 -4.6227557e-002
  3.2779232e-002 -5.0126217e-002
  3.3164856e-002 -2.2174169e-001
  4.8839133e-002 -3.5961436e-001
  3.0450317e-002 -3.6404140e-002
  4.6684922e-002  6.6719563e-002
  3.5379835e-002 -4.8340125e-001
  5.2909916e-002 -5.5595322e-001
  3.2475138e-002 -1.8650720e-001
  3.9850359e-002 -4.8930581e-001
  3.9267442e-002 -4.5813126e-001
  3.3532952e-002 -2.0887968e-001
  4.4646268e-002 -2.3115387e-001
  4.9499499e-002 -5.0182373e-001
  4.4918221e-002  9.2838061e-002
  4.8031115e-002 -5.0109773e-001
  4.5002642e-002 -5.2245953e-001
  3.3225043e-002 -3.0836943e-001
  5.0463378e-002  9.4382644e-003
  4.7179721e-002 -3.7510684e-001
  3.8393886e-002 -2.2466440e-001
  3.9020290e-002 -5.3449237e-001
  3.7614919e-002 -4.3154005e-001
  4.5606211e-002 -3.8628319e-001
 -3.8219530e-001  1.1317605e-001
 -3.6428514e-001  1.7334570e-002
 -3.7886626e-001 -3.8781224e-001
 -3.8201536e-001 -8.6338857e-003
 -3.8188973e-001  4.1321768e-001
 -3.8000102e-001  2.8181404e-001
 -3.6810236e-001  5.1068042e-001
 -3.7934138e-001  7.8572244e-001
 -3.8257686e-001  7.2079832e-001
 -3.7416729e-001  1.0802141e+000
 -3.6999314e-001  1.3685822e+000
 -3.8021242e-001  1.3085659e+000
 -3.8291948e-001  2.0786481e+000
 -3.8631445e-001  1.6206988e+000
 -3.7928397e-001  2.4483204e+000
 -3.6584607e-001  2.5716216e+000
 -3.7386982e-001  2.7494774e+000
 -3.6809205e-001  2.8913177e+000
 -3.8722567e-001  3.0810087e+000
 -3.7607388e-001  2.9430359e+000
 -3.7176594e-001  3.0736686e+000
 -3.8203620e-001  3.1567334e+000
 -3.6877407e-001  2.9691970e+000
 -3.7969065e-001  3.5118206e+000
 -3.8360070e-001  3.1784880e+000
 -3.6690337e-001  3.4072843e+000
 -3.7246094e-001  3.6301057e+000
 -3.6912604e-001  3.3047807e+000
 -3.8625476e-001  3.5984880e+000
 -3.7157553e-001  3.5973998e+000
 -3.8466373e-001  3.5666971e+000
 -3.7476276e-001  3.5739349e+000
 -3.8092090e-001  4.0482575e+000
 -3.7452412e-001  3.5307171e+000
 -3.8431258e-001  3.5539523e+000
 -3.8744574e-001  3.6922041e+000
 -3.8413119e-001  4.0098222e+000
 -3.7690293e-001  3.6775470e+000
 -3.8489025e-001  3.8056014e+000
 -3.6638628e-001  3.9580559e+000
 -3.7096009e-001  4.1706862e+000
 -3.6844903e-001  4.0770330e+000
 -3.6943726e-001  3.9655217e+000
 -3.8506475e-001  4.3736032e+000
 -3.8467317e-001  4.0107652e+000
 -3.8272569e-001  4.2999953e+000
 -3.7348995e-001  4.2948677e+000
 -3.8004398e-001  3.8798318e+000
 -3.8245955e-001  3.8807199e+000
 -3.8600221e-001  3.8105839e+000
 -3.6793737e-001  3.9569333e+000
 -3.6907370e-001  3.8812769e+000
 -3.8598170e-001  4.3464095e+000
 -3.7958975e-001  3.9969745e+000
 -3.7180520e-001  4.4311826e+000
 -3.6520104e-001  4.3133711e+000
 -3.8749651e-001  4.1329590e+000
 -3.7324777e-001  4.3273810e+000
 -3.6974197e-001  4.1411614e+000
 -3.7691470e-001  4.2749880e+000
 -3.8072352e-001  4.3764997e+000
 -3.7045240e-001  3.8623131e+000
 -3.7530517e-001  3.7893412e+000
 -3.8435988e-001  4.4668443e+000
 -3.7011543e-001  4.1577608e+000
 -3.8662146e-001  3.9901611e+000
 -3.8541028e-001  4.0962517e+000
 -3.8161397e-001  4.0707668e+000
 -3.6721411e-001  4.2300187e+000
  9.9431047e-001  4.2985832e+000
  9.8084621e-001  4.2117589e+000
  9.7414447e-001  3.9059715e+000
  9.8920458e-001  3.7463193e+000
  9.8945227e-001  3.3551163e+000
  9.9420333e-001  2.5459936e+000
  9.8281594e-001  1.6842134e+000
  9.8517643e-001  1.3230518e+000
  9.9333440e-001  9.3616178e-001
  9.8400414e-001 -1.8914992e-001
  9.8099049e-001 -5.3995872e-001
  9.8605877e-001 -1.4131330e+000
  9.8687424e-001 -1.7728101e+000
  9.8543778e-001 -2.6866478e+000
  9.7605018e-001 -2.8993298e+000
  9.7306434e-001 -3.7025372e+000
  9.8177876e-001 -3.9421786e+000
  9.8276118e-001 -4.2637490e+000
  9.9645620e-001 -4.3971002e+000
  9.7296844e-001 -5.2863733e+000
  9.8166462e-001 -5.7658478e+000
  9.7657955e-001 -5.9817480e+000
  9.7392459e-001 -5.7725178e+000
  9.7496857e-001 -6.1271711e+000
  9.7968776e-001 -6.4978019e+000
  9.7598425e-001 -6.6927452e+000
  9.8152959e-001 -7.2211236e+000
  9.9469636e-001 -7.5003613e+000
  9.8812036e-001 -7.2828065e+000
  9.7812161e-001 -7.6605693e+000
  9.9098267e-001 -7.8693934e+000
  9.7853075e-001 -7.4542996e+000
  9.8139604e-001 -7.5944680e+000
  9.7880252e-001 -8.2983052e+000
  9.8220429e-001 -7.7716580e+000
  9.9414492e-001 -8.3877979e+000
  9.9547546e-001 -8.3961875e+000
  9.7616899e-001 -8.2110692e+000
  9.7412846e-001 -8.4629291e+000
  9.7389426e-001 -8.3400704e+000
  9.7826851e-001 -8.6611463e+000
  9.9584599e-001 -8.6756524e+000
  9.8334289e-001 -8.4710199e+000
  9.9092152e-001 -8.4184027e+000
  9.8551751e-001 -8.6621630e+000
  9.7998917e-001 -8.9800143e+000
  9.8379386e-001 -8.5873854e+000
  9.9457738e-001 -8.7839549e+000
  9.8361539e-001 -8.7490210e+000
  9.7521170e-001 -8.5481155e+000
  9.9634976e-001 -8.5172121e+000
  9.9376796e-001 -8.6622110e+000
  9.8458590e-001 -9.1592569e+000
  9.8066901e-001 -8.5026529e+000
  9.9573464e-001 -8.7251371e+000
  9.8419944e-001 -8.6393440e+000
  9.9614877e-001 -8.9067740e+000
  9.9070172e-001 -9.0316071e+000
  9.7591283e-001 -9.1589161e+000
  9.7554507e-001 -8.8584816e+000
  9.8883839e-001 -8.7639694e+000
  9.7457665e-001 -9.0442249e+000
  9.8513440e-001 -8.5750931e+000
  9.8014719e-001 -9.2034543e+000
  9.9269976e-001 -8.9802502e+000
  9.9673102e-001 -8.8994335e+000
  9.8803153e-001 -9.1209636e+000
  9.7496467e-001 -8.7652502e+000
  9.7705556e-001 -9.0171797e+000
  7.7209865e-001 -8.5836830e+000
  7.8011768e-001 -8.9334976e+000
  7.7646003e-001 -9.0647218e+000
  7.8155124e-001 -8.9817393e+000
  7.6902943e-001 -8.8665238e+000
  7.8038034e-001 -8.6603621e+000
  7.8506827e-001 -8.3181092e+000
  7.7285142e-001 -8.1568651e+000
  7.6505975e-001 -8.0052154e+000
  7.7069651e-001 -7.5324700e+000
  7.7662787e-001 -7.3691228e+000
  7.7320545e-001 -7.2645029e+000
  7.8227299e-001 -6.8274397e+000
  7.7953928e-001 -7.0811118e+000
  7.6391133e-001 -6.8114330e+000
  7.7856890e-001 -6.8733986e+000
  7.6493019e-001 -6.3814683e+000
  7.7624799e-001 -6.0371957e+000
  7.8087423e-001 -6.0021175e+000
  7.7449782e-001 -6.2453353e+000
  7.7071721e-001 -6.1359100e+000
  7.6953147e-001 -5.8877408e+000
  7.6649637e-001 -5.5073056e+000
  7.7095749e-001 -5.9441918e+000
  7.6678328e-001 -5.7224701e+000
  7.7932244e-001 -5.6316689e+000
  7.7586422e-001 -5.5049846e+000
  7.8684027e-001 -5.5369031e+000
  7.6424429e-001 -5.6370829e+000
  7.7293729e-001 -5.0688970e+000
  7.7241851e-001 -5.0718702e+000
  7.7820124e-001 -5.5451632e+000
  7.6541224e-001 -4.9409364e+000
  7.7233116e-001 -5.4209419e+000
  7.6826588e-001 -5.1364649e+000
  7.7798899e-001 -4.9909122e+000
  7.8185571e-001 -5.0271374e+000
  7.8319476e-001 -5.0179034e+000
  7.8337265e-001 -4.8935150e+000
  7.7295882e-001 -5.0426761e+000
  7.7360057e-001 -4.8045333e+000
  7.7963639e-001 -5.0267478e+000
  7.7198282e-001 -5.2764668e+000
  7.6816725e-001 -4.8494136e+000
  7.7334921e-001 -5.2848178e+000
  7.8464179e-001 -5.2859230e+000
  7.7472940e-001 -5.0979461e+000
  7.8104864e-001 -4.8326879e+000
  7.8074815e-001 -4.8624221e+000
  7.8458302e-001 -5.3513078e+000
  7.6679160e-001 -4.6701130e+000
  7.7474041e-001 -4.6759556e+000
  7.6914817e-001 -4.7974964e+000
  7.7582824e-001 -4.9549209e+000
  7.7531001e-001 -5.0048814e+000
  7.8595835e-001 -4.7651069e+000
  7.6424610e-001 -4.7028780e+000
  7.7400491e-001 -4.7142145e+000
  7.8073277e-001 -5.1615434e+000
  7.8723752e-001 -4.8208990e+000
  7.6971506e-001 -4.9629776e+000
  7.7478339e-001 -4.9457485e+000
  7.7633930e-001 -5.3181650e+000
  7.7537490e-001 -4.8135179e+000
  7.8219355e-001 -4.6369328e+000
  7.8624127e-001 -4.6909766e+000
  7.8338412e-001 -4.8526302e+000
  7.6529755e-001 -4.6959794e+000
  7.7546575e-001 -5.3280513e+000
  6.5855287e-001 -4.9925610e+000
  6.3716290e-001 -4.6913207e+000
  6.4340414e-001 -4.6672592e+000
  6.4233602e-001 -4.9126695e+000
  6.3928804e-001 -4.5083554e+000
  6.4314555e-001 -5.0712378e+000
  6.3732524e-001 -4.8199602e+000
  6.4488514e-001 -4.5089983e+000
  6.4961928e-001 -4.4086368e+000
  6.5085373e-001 -4.7765336e+000
  6.5543694e-001 -4.4573608e+000
  6.5366477e-001 -4.0095879e+000
  6.4047097e-001 -4.4055549e+000
  6.4967487e-001 -4.5301739e+000
  6.3529820e-001 -3.9713785e+000
  6.4614965e-001 -4.3950650e+000
  6.4643824e-001 -3.7387298e+000
  6.4055252e-001 -3.9978760e+000
  6.3767437e-001 -3.8689981e+000
  6.5816564e-001 -3.8774536e+000
  6.4624798e-001 -3.5415889e+000
  6.3758974e-001 -3.7835580e+000
  6.4451228e-001 -4.0378829e+000
  6.5836229e-001 -3.4929434e+000
  6.5792391e-001 -3.5363954e+000
  6.5589574e-001 -3.6203368e+000
  6.3668250e-001 -3.6142317e+000
  6.3961799e-001 -3.9370859e+000
  6.5694985e-001 -3.5524827e+000
  6.5397930e-001 -3.9148211e+000
  6.4288949e-001 -3.4101554e+000
  6.3981396e-001 -3.8140404e+000
  6.5592292e-001 -3.8578864e+000
  6.4975840e-001 -3.5855082e+000
  6.4072206e-001 -3.7146685e+000
  6.5022458e-001 -3.7463642e+000
  6.3785579e-001 -3.8554762e+000
  6.3698702e-001 -3.6738990e+000
  6.5577090e-001 -3.3230943e+000
  6.4709034e-001 -3.7686246e+000
  6.4334967e-001 -3.2621986e+000
  6.3890772e-001 -3.2748765e+000
  6.3561564e-001 -3.7554977e+000
  6.3665290e-001 -3.8003366e+000
  6.4108692e-001 -3.4259940e+000
  6.3604386e-001 -3.6545245e+000
  6.5545764e-001 -3.1101430e+000
  6.4437660e-001 -3.4751539e+000
  6.4745172e-001 -3.5972499e+000
  6.5740361e-001 -3.4039513e+000
  6.5146541e-001 -3.2389081e+000
  6.3741529e-001 -3.1979532e+000
  6.3909450e-001 -3.5371513e+000
  6.5289360e-001 -3.5154844e+000
  6.5801061e-001 -3.6562052e+000
  6.5278343e-001 -3.7407413e+000
  6.4026214e-001 -3.5114026e+000
  6.3524820e-001 -3.3981451e+000
  6.4990627e-001 -3.7051088e+000
  6.5122103e-001 -3.3037681e+000
  6.4308630e-001 -3.7613246e+000
  6.4746946e-001 -3.2614802e+000
  6.5515028e-001 -3.3829683e+000
  6.4022283e-001 -3.2764410e+000
  6.4660940e-001 -3.7623466e+000
  6.5377354e-001 -3.7078732e+000
  6.4961170e-001 -3.2671139e+000
  6.5018758e-001 -3.6889190e+000
  6.5336836e-001 -3.6469429e+000
  5.4330480e-001 -3.6121063e+000
  5.3477180e-001 -3.6181608e+000
  5.3670204e-001 -3.5767645e+000
  5.3506287e-001 -3.6902340e+000
  5.3630559e-001 -3.6869733e+000
  5.3579224e-001 -3.4475415e+000
  5.4048522e-001 -3.5539861e+000
  5.5543015e-001 -2.9694914e+000
  5.3762505e-001 -2.9975972e+000
  5.3934637e-001 -3.1479231e+000
  5.3937616e-001 -3.2840991e+000
  5.4673338e-001 -2.7386664e+000
  5.4274277e-001 -3.0788754e+000
  5.5183365e-001 -2.7682218e+000
  5.5049157e-001 -3.0675172e+000
  5.3640998e-001 -3.1351555e+000
  5.4200041e-001 -2.6781527e+000
  5.4572246e-001 -2.6597956e+000
  5.4122963e-001 -2.8921002e+000
  5.5014388e-001 -2.4898095e+000
  5.3835158e-001 -2.7582467e+000
  5.5051475e-001 -3.0771318e+000
  5.5094070e-001 -3.0102728e+000
  5.3256994e-001 -2.5268506e+000
  5.3261776e-001 -2.8977322e+000
  5.5003694e-001 -2.6320673e+000
  5.3294492e-001 -2.5888680e+000
  5.4136663e-001 -2.5589885e+000
  5.3409202e-001 -2.6363214e+000
  5.3386193e-001 -2.7780596e+000
  5.4052500e-001 -2.6016517e+000
  5.4493403e-001 -2.5350374e+000
  5.3702404e-001 -2.5595707e+000
  5.5527406e-001 -2.7293900e+000
  5.4377053e-001 -2.9083469e+000
  5.4205620e-001 -2.4324935e+000
  5.4671401e-001 -2.3101732e+000
  5.4940867e-001 -2.6030070e+000
  5.3773202e-001 -2.5949186e+000
  5.5199304e-001 -2.9249198e+000
  5.4306392e-001 -2.9318388e+000
  5.3412948e-001 -2.5279552e+000
  5.4628665e-001 -2.5773037e+000
  5.5577532e-001 -2.7689276e+000
  5.3290062e-001 -2.8491035e+000
  5.5187193e-001 -2.3235491e+000
  5.4606349e-001 -2.6017268e+000
  5.3503822e-001 -2.2431251e+000
  5.3693322e-001 -2.3004832e+000
  5.5473360e-001 -2.6683897e+000
  5.4245791e-001 -2.4359345e+000
  5.4639891e-001 -2.2938063e+000
  5.5472591e-001 -2.2799518e+000
  5.4428865e-001 -2.4387616e+000
  5.4746749e-001 -2.2230589e+000
  5.4005603e-001 -2.7669857e+000
  5.4178125e-001 -2.7044405e+000
  5.4486490e-001 -2.7960864e+000
  5.4271753e-001 -2.5924406e+000
  5.3608546e-001 -2.6061398e+000
  5.5012680e-001 -2.8723057e+000
  5.4685954e-001 -2.6837587e+000
  5.3481521e-001 -2.6264035e+000
  5.4100468e-001 -2.2737039e+000
  5.3679492e-001 -2.3390605e+000
  5.4431787e-001 -2.7052641e+000
  5.5485914e-001 -2.2366661e+000
  5.3355504e-001 -2.2494638e+000
  5.3527331e-001 -2.5029366e+000
 -2.2055835e-001 -2.4190877e+000
 -2.1634307e-001 -2.7816763e+000
 -2.3083585e-001 -2.5194111e+000
 -2.3703107e-001 -2.2554793e+000
 -2.3468594e-001 -2.5484415e+000
 -2.2918057e-001 -1.8028114e+000
 -2.2310418e-001 -1.7076746e+000
 -2.3550648e-001 -1.9254212e+000
 -2.3072136e-001 -1.3891311e+000
 -2.2318241e-001 -1.1170044e+000
 -2.2420854e-001 -8.3363263e-001
 -2.1643611e-001 -7.7070581e-001
 -2.1848083e-001 -7.1901554e-001
 -2.1687572e-001 -3.8103075e-001
 -2.3351667e-001 -1.2242566e-002
 -2.1851816e-001 -2.9891208e-001
 -2.3478002e-001  3.8727532e-001
 -2.3473747e-001  5.7132755e-001
 -2.2165738e-001  2.5595223e-001
 -2.2288684e-001  4.4379432e-001
 -2.3039257e-001  8.6530895e-001
 -2.2201307e-001  5.5956573e-001
 -2.2138276e-001  1.1065406e+000
 -2.2476168e-001  1.3787322e+000
 -2.3524438e-001  9.7445478e-001
 -2.2913075e-001  1.4120438e+000
 -2.3733444e-001  1.4854153e+000
 -2.2954696e-001  1.4432341e+000
 -2.3206090e-001  1.5340137e+000
 -2.2895513e-001  1.7888478e+000
 -2.3084028e-001  1.5844821e+000
 -2.2860781e-001  1.3498325e+000
 -2.2009669e-001  1.5431005e+000
 -2.2860708e-001  1.8632269e+000
 -2.2251840e-001  1.6606187e+000
 -2.1900472e-001  2.0240591e+000
 -2.1595682e-001  2.0087867e+000
 -2.1710251e-001  1.7570371e+000
 -2.3620625e-001  1.9023415e+000
 -2.3622450e-001  1.6656083e+000
 -2.3570775e-001  1.4458928e+000
 -2.3784848e-001  1.7407557e+000
 -2.2191794e-001  1.5626375e+000
 -2.3157004e-001  1.9770115e+000
 -2.2775194e-001  2.1369632e+000
 -2.2361340e-001  1.7098107e+000
 -2.1624225e-001  1.7462593e+000
 -2.2376695e-001  1.7228878e+000
 -2.3674413e-001  2.1563686e+000
 -2.3643297e-001  1.8792157e+000
 -2.3135784e-001  2.1026910e+000
 -2.2591687e-001  1.6626908e+000
 -2.1937898e-001  1.5719014e+000
 -2.3494327e-001  1.7158430e+000
 -2.2181395e-001  2.0430475e+000
 -2.3594368e-001  1.7740834e+000
 -2.3282787e-001  2.1755268e+000
 -2.2335106e-001  2.2044500e+000
 -2.3671104e-001  2.2567684e+000
 -2.1814766e-001  1.9287774e+000
 -2.3688885e-001  2.0877371e+000
 -2.3044909e-001  2.1797649e+000
 -2.2043507e-001  1.7302432e+000
 -2.2618373e-001  1.8271981e+000
 -2.2092270e-001  1.6732264e+000
 -2.1834699e-001  1.8536372e+000
 -2.2791037e-001  2.0739325e+000
 -2.2501373e-001  1.6450406e+000
 -2.1822313e-001  2.1743204e+000
 -3.4592927e-001  1.5988199e+000
 -3.4489060e-001  1.7337971e+000
 -3.4296692e-001  2.3086840e+000
 -3.3695681e-001  2.1566188e+000
 -3.3729325e-001  1.8067232e+000
 -3.3311011e-001  2.0881604e+000
 -3.3200533e-001  2.2826501e+000
 -3.4668668e-001  2.2019834e+000
 -3.3831179e-001  2.1470907e+000
 -3.3798146e-001  2.7284227e+000
 -3.4033129e-001  2.4076663e+000
 -3.4839388e-001  2.9193353e+000
 -3.4834935e-001  2.5604098e+000
 -3.3635154e-001  2.8678721e+000
 -3.4363997e-001  3.0962163e+000
 -3.3222888e-001  3.1490469e+000
 -3.5352401e-001  2.6915487e+000
 -3.3907872e-001  2.9993248e+000
 -3.4021586e-001  2.7059529e+000
 -3.5447067e-001  3.1087953e+000
 -3.4213856e-001  3.3270606e+000
 -3.3872249e-001  3.4040873e+000
 -3.3517954e-001  3.0124910e+000
 -3.5387956e-001  3.4729673e+000
 -3.5156240e-001  3.4637044e+000
 -3.4296965e-001  3.1286280e+000
 -3.5467141e-001  3.1926298e+000
 -3.4593281e-001  3.6884058e+000
 -3.5304984e-001  3.4224499e+000
 -3.5150563e-001  3.4076267e+000
 -3.4626597e-001  3.1879640e+000
 -3.5281149e-001  3.1231286e+000
 -3.4208507e-001  3.1450699e+000
 -3.5179200e-001  3.3912626e+000
 -3.5046664e-001  3.4702021e+000
 -3.4439787e-001  3.2678892e+000
 -3.3446644e-001  3.4158347e+000
 -3.4987467e-001  3.1892211e+000
 -3.3416493e-001  3.4767823e+000
 -3.5284820e-001  3.5039502e+000
 -3.4931334e-001  3.5924305e+000
 -3.3642819e-001  3.6203199e+000
 -3.5269374e-001  3.6100364e+000
 -3.4629392e-001  3.6333663e+000
 -3.3508913e-001  3.8551527e+000
 -3.4457112e-001  3.2894398e+000
 -3.3615814e-001  3.5694721e+000
 -3.3396389e-001  3.4153387e+000
 -3.4748515e-001  3.5524768e+000
 -3.4800513e-001  3.2152729e+000
 -3.5186510e-001  3.2391107e+000
 -3.4280821e-001  3.5885702e+000
 -3.3753022e-001  3.5473507e+000
 -3.4850401e-001  3.7696282e+000
 -3.4951588e-001  3.9019117e+000
 -3.4950881e-001  3.8370557e+000
 -3.3806925e-001  3.5412858e+000
 -3.3932474e-001  3.2954184e+000
 -3.4839843e-001  3.5260371e+000
 -3.4248357e-001  3.4589191e+000
 -3.5345485e-001  3.2773250e+000
 -3.5403845e-001  3.4667847e+000
 -3.3909959e-001  3.5320508e+000
 -3.3917976e-001  3.3412222e+000
 -3.3783566e-001  3.8217334e+000
 -3.5337797e-001  3.4932954e+000
 -3.4596714e-001  3.2661836e+000
 -3.3368862e-001  3.2739937e+000
 -3.5148494e-001  3.5547515e+000
  6.9644441e-001  3.7586471e+000
  7.0196109e-001  3.3022474e+000
  7.0629697e-001  3.6195983e+000
  7.0155729e-001  3.2775576e+000
  6.9289589e-001  2.9644995e+000
  7.0868012e-001  2.3868587e+000
  6.9805570e-001  2.3841376e+000
  6.9226053e-001  2.1689203e+000
  7.0537547e-001  1.4989607e+000
  7.0037657e-001  1.2763340e+000
  7.0510034e-001  8.5418608e-001
  7.1205307e-001  4.8989154e-001
  7.0966451e-001  1.8513012e-001
  6.9617195e-001 -4.2820332e-001
  7.0239241e-001 -7.5046844e-001
  7.1075282e-001 -1.0601445e+000
  7.0088379e-001 -1.2672513e+000
  6.9387303e-001 -1.3488525e+000
  7.0267659e-001 -1.5543630e+000
  7.0199569e-001 -1.7052384e+000
  6.9485460e-001 -2.2968464e+000
  7.0394392e-001 -2.2400049e+000
  6.9669686e-001 -2.0299182e+000
  6.9731701e-001 -2.4019979e+000
  7.0083513e-001 -2.3253048e+000
  7.0912917e-001 -2.8806618e+000
  7.0629539e-001 -3.1944519e+000
  7.0635815e-001 -2.9274033e+000
  6.9414708e-001 -3.1825930e+000
  7.1169499e-001 -3.2713290e+000
  6.9469761e-001 -3.0649722e+000
  7.1041539e-001 -3.3969395e+000
  7.1238667e-001 -3.7337275e+000
  7.0015409e-001 -3.1480979e+000
  6.9742428e-001 -3.5068643e+000
  7.0347889e-001 -3.8869007e+000
  6.9580609e-001 -3.5828021e+000
  7.0477659e-001 -3.7224550e+000
  7.0135969e-001 -3.5117534e+000
  6.9821155e-001 -3.6084693e+000
  7.1108504e-001 -4.0467602e+000
  7.0296935e-001 -4.0679636e+000
  6.9200704e-001 -3.5484832e+000
  7.1250814e-001 -4.1552871e+000
  7.0183640e-001 -4.0960796e+000
  7.0466656e-001 -4.0699729e+000
  6.9659299e-001 -3.8718597e+000
  6.9473870e-001 -4.1215619e+000
  7.0336500e-001 -3.5907076e+000
  7.0332981e-001 -3.9799365e+000
  6.9883535e-001 -3.8332853e+000
  6.8964236e-001 -4.1187889e+000
  6.9879266e-001 -3.9056264e+000
  6.9885866e-001 -3.8777547e+000
  7.0001956e-001 -3.7528908e+000
  6.9803832e-001 -3.7382722e+000
  6.9181266e-001 -4.1052361e+000
  6.9543792e-001 -3.6471634e+000
  7.0985094e-001 -3.9203429e+000
  6.9633814e-001 -4.0882051e+000
  6.9342185e-001 -3.6987317e+000
  6.9165114e-001 -3.8590893e+000
  6.9383556e-001 -3.8328055e+000
  6.9449478e-001 -4.1597619e+000
  7.0372177e-001 -3.8918796e+000
  7.0749588e-001 -4.1781743e+000
  7.0468044e-001 -4.1044379e+000
  7.0331525e-001 -3.7135502e+000
  6.9502291e-001 -4.2976308e+000
  4.6138259e-001 -4.3229472e+000
  4.6051369e-001 -3.7033255e+000
  4.5802315e-001 -3.8813348e+000
  4.6534473e-001 -3.6524802e+000
  4.6555396e-001 -4.0550381e+000
  4.6833863e-001 -4.0200700e+000
  4.6124004e-001 -3.8665349e+000
  4.6546090e-001 -3.3175474e+000
  4.6422499e-001 -3.3797058e+000
  4.7106086e-001 -3.0578015e+000
  4.5470634e-001 -3.1164763e+000
  4.6183410e-001 -3.0160904e+000
  4.6617846e-001 -3.2227940e+000
  4.6015363e-001 -3.1763954e+000
  4.6098784e-001 -2.8951216e+000
  4.7212061e-001 -2.7879031e+000
  4.6760283e-001 -2.8082289e+000
  4.7006455e-001 -2.6736947e+000
  4.6705028e-001 -2.9695295e+000
  4.6856778e-001 -2.8184121e+000
  4.6271215e-001 -2.8102508e+000
  4.5861223e-001 -2.2108143e+000
  4.4915033e-001 -2.4247204e+000
  4.6177745e-001 -2.3994219e+000
  4.7163332e-001 -2.5906717e+000
  4.5213631e-001 -2.0575337e+000
  4.5829329e-001 -2.6268519e+000
  4.6928967e-001 -1.9929518e+000
  4.6019452e-001 -2.3892187e+000
  4.5402156e-001 -1.9593253e+000
  4.4910447e-001 -2.3685685e+000
  4.5320115e-001 -2.4888805e+000
  4.6672707e-001 -2.0771372e+000
  4.5481542e-001 -2.4371367e+000
  4.5673770e-001 -1.8407596e+000
  4.6945566e-001 -2.2583606e+000
  4.7089755e-001 -2.1021543e+000
  4.6468933e-001 -2.2378274e+000
  4.6353995e-001 -1.7793663e+000
  4.7123905e-001 -1.9513796e+000
  4.6280466e-001 -2.1118358e+000
  4.7153272e-001 -1.9770160e+000
  4.6326852e-001 -1.7680912e+000
  4.5757297e-001 -1.7879587e+000
  4.5670531e-001 -2.1006845e+000
  4.6522408e-001 -1.9478212e+000
  4.6545944e-001 -2.3946951e+000
  4.5086065e-001 -1.8828745e+000
  4.5709411e-001 -2.0638818e+000
  4.5714066e-001 -1.8876474e+000
  4.5707038e-001 -1.9102540e+000
  4.7191945e-001 -1.9429677e+000
  4.6768413e-001 -1.7714291e+000
  4.6899600e-001 -2.3543747e+000
  4.5836007e-001 -2.0725900e+000
  4.5422074e-001 -1.9969003e+000
  4.5509085e-001 -2.0641729e+000
  4.4873664e-001 -1.7409617e+000
  4.6044349e-001 -1.9296951e+000
  4.6274831e-001 -2.1508056e+000
  4.6871779e-001 -2.2955904e+000
  4.7105017e-001 -1.8354314e+000
  4.7008756e-001 -1.7677536e+000
  4.5435802e-001 -2.3289219e+000
  4.5780043e-001 -2.0231612e+000
  4.7148460e-001 -1.8453712e+000
  4.5578126e-001 -1.8589221e+000
  4.6025954e-001 -1.9931378e+000
  4.7134233e-001 -2.2540363e+000
 -6.5845731e-002 -1.7538127e+000
 -4.9418692e-002 -1.8845856e+000
 -5.6819588e-002 -1.8848325e+000
 -4.7541544e-002 -1.6181194e+000
 -6.4204048e-002 -1.7666287e+000
 -5.2486458e-002 -1.9269651e+000
 -6.4710587e-002 -1.8660680e+000
 -6.4016052e-002 -1.2467921e+000
 -5.9512458e-002 -1.4427960e+000
 -6.6713475e-002 -1.0454955e+000
 -6.3040539e-002 -8.2122046e-001
 -6.6916218e-002 -1.2676983e+000
 -4.5981041e-002 -9.2557299e-001
 -6.3977664e-002 -5.9716623e-001
 -5.8580525e-002 -8.2451730e-001
 -6.3299945e-002 -3.2007545e-001
 -5.3233429e-002 -6.7881904e-001
 -5.2512720e-002 -3.1674895e-001
 -4.6957337e-002 -7.4182592e-001
 -5.5657735e-002 -3.0863369e-001
 -5.7987821e-002 -5.4951041e-001
 -5.2026907e-002 -4.0963916e-001
 -6.6059246e-002 -1.3488860e-001
 -6.2939314e-002 -2.9341486e-001
 -5.8174499e-002  1.7151847e-001
 -4.7525560e-002  8.4662929e-002
 -5.9326757e-002  2.6422190e-001
 -6.2673827e-002  1.0814820e-001
 -5.0366513e-002  2.5757561e-001
 -6.3530099e-002  3.8500639e-001
 -6.3292445e-002  2.5365400e-001
 -6.8027127e-002 -1.9069323e-003
 -6.8416844e-002  5.1030111e-002
 -6.6261209e-002  2.3893637e-001
 -6.6694273e-002  4.3059667e-001
 -5.3561116e-002  4.0236899e-001
 -6.8155961e-002 -6.2971433e-002
 -6.6912420e-002  5.0745154e-001
 -6.1964843e-002  5.9718093e-001
 -6.3461790e-002  3.1280856e-001
 -6.7851684e-002  6.2770528e-001
 -5.9609826e-002  3.2930077e-001
 -5.3153049e-002  3.2205980e-001
 -5.1620638e-002  2.9497371e-001
 -6.0212509e-002  3.4201739e-001
 -5.9765888e-002  6.4576101e-001
 -4.9269934e-002  5.7747383e-001
 -6.6073559e-002  6.4000381e-001
 -4.6602777e-002  6.4073903e-001
 -5.2387478e-002  3.1664149e-001
 -5.3724739e-002  6.9298598e-001
 -4.8439014e-002  3.3345580e-002
 -6.5146930e-002  1.5851963e-001
 -6.3770084e-002  5.5636286e-001
 -5.2258908e-002  3.6741660e-001
 -4.7583108e-002  2.7188030e-001
 -5.6701511e-002  4.6718544e-001
 -5.4558777e-002  3.3630077e-001
 -4.6372760e-002  5.9120829e-001
 -4.9997534e-002  3.0661256e-001
 -6.8069793e-002  4.2178640e-001
 -6.5561708e-002  3.1819141e-001
 -6.9795013e-002  1.7619892e-001
 -5.4010730e-002  5.7798432e-001
 -5.7307817e-002  6.1249289e-001
 -6.0590355e-002  5.2671962e-001
 -5.8926511e-002  4.4423811e-001
 -6.1418725e-002  1.1607014e-001
 -5.6661737e-002  8.7291016e-002
  7.9266246e-001  4.0436810e-001
  7.9754208e-001  7.0318690e-001
  7.9878344e-001  9.7937073e-002
  7.9007472e-001  2.1089132e-001
  8.0246626e-001 -4.4938267e-002
  8.0953751e-001  1.3203004e-002
  7.8817287e-001 -8.4474238e-001
  7.9754122e-001 -7.5039365e-001
  7.9441345e-001 -1.0937234e+000
  8.0297995e-001 -1.1204571e+000
  8.0277050e-001 -1.7199304e+000
  8.1001898e-001 -1.6221397e+000
  8.0653527e-001 -2.4578264e+000
  7.9229201e-001 -2.1604900e+000
  8.0862168e-001 -2.6192282e+000
  7.9427518e-001 -2.7754453e+000
  7.9447175e-001 -3.0195338e+000
  7.8778354e-001 -3.6464112e+000
  7.8936099e-001 -3.4194877e+000
  7.9078937e-001 -3.9991426e+000
  8.0817108e-001 -3.5155762e+000
  8.0696808e-001 -3.6061254e+000
  8.0644453e-001 -4.1859000e+000
  7.8836930e-001 -4.3718896e+000
  8.0029157e-001 -3.9973425e+000
  7.9876606e-001 -4.3704895e+000
  7.9897836e-001 -4.6647825e+000
  7.9748358e-001 -4.5283896e+000
  8.0991608e-001 -4.3015040e+000
  7.9085236e-001 -4.4892687e+000
  7.9625733e-001 -4.9871434e+000
  7.9750285e-001 -5.0323980e+000
  7.9918658e-001 -4.6857011e+000
  7.9579048e-001 -4.7760343e+000
  8.0448929e-001 -4.7633399e+000
  8.0070652e-001 -4.9311756e+000
  7.9390130e-001 -5.1070026e+000
  7.8738040e-001 -5.3054119e+000
  7.8830690e-001 -5.1853900e+000
  7.9566084e-001 -4.9378516e+000
  7.9392227e-001 -5.3654008e+000
  8.0073826e-001 -5.3886321e+000
  8.0040444e-001 -4.8540833e+000
  7.9449504e-001 -5.0336355e+000
  7.9577616e-001 -5.3804075e+000
  8.0971476e-001 -5.4758532e+000
  7.9609282e-001 -5.4597859e+000
  7.8966236e-001 -5.1364204e+000
  8.1007690e-001 -5.5504454e+000
  8.1115251e-001 -4.9894251e+000
  7.8852356e-001 -5.2357434e+000
  7.9768998e-001 -5.3682038e+000
  7.8901349e-001 -5.3693133e+000
  8.1028779e-001 -5.0861123e+000
  8.1084171e-001 -5.0633640e+000
  8.0551942e-001 -5.6298536e+000
  7.9967692e-001 -5.3304337e+000
  8.0219459e-001 -5.3458602e+000
  7.8842576e-001 -5.5708947e+000
  8.0363242e-001 -5.6003293e+000
  8.0853718e-001 -5.1249712e+000
  7.9582325e-001 -5.3018856e+000
  8.0719803e-001 -4.9903164e+000
  7.9524637e-001 -5.3025262e+000
  7.8971446e-001 -5.1126672e+000
  8.0252104e-001 -4.9825456e+000
  7.9807324e-001 -5.3475156e+000
  7.9168736e-001 -5.2389890e+000
  7.8944104e-001 -5.6459602e+000
  1.9628964e-001 -5.5822033e+000
  1.8581353e-001 -5.6288324e+000
  1.8917236e-001 -5.3154704e+000
  1.7575580e-001 -4.8005925e+000
  1.9175035e-001 -4.7837573e+000
  1.7465471e-001 -4.9268539e+000
  1.9580533e-001 -4.7251764e+000
  1.7892900e-001 -4.1455757e+000
  1.9591151e-001 -4.1499863e+000
  1.8175716e-001 -3.8231813e+000
  1.8800860e-001 -3.6007295e+000
  1.8759924e-001 -3.3218149e+000
  1.7847885e-001 -3.1551258e+000
  1.8939114e-001 -3.3367300e+000
  1.9541798e-001 -2.9222698e+000
  1.9174087e-001 -2.8556401e+000
  1.8671690e-001 -2.5700957e+000
  1.7813646e-001 -2.2160243e+000
  1.9546485e-001 -2.3931673e+000
  1.8956105e-001 -2.2711556e+000
  1.8297088e-001 -1.9381575e+000
  1.9372760e-001 -2.1835681e+000
  1.8997707e-001 -1.9072332e+000
  1.7586744e-001 -1.6516675e+000
  1.7516341e-001 -1.7182113e+000
  1.8774400e-001 -1.8996434e+000
  1.8066548e-001 -1.5574887e+000
  1.8673572e-001 -1.6267318e+000
  1.9709879e-001 -1.3720053e+000
  1.9077757e-001 -1.2817909e+000
  1.8813240e-001 -1.0106455e+000
  1.8782822e-001 -1.1309571e+000
  1.8690214e-001 -1.0582295e+000
  1.8663267e-001 -1.1129004e+000
  1.7707989e-001 -1.1884584e+000
  1.9107814e-001 -1.1043410e+000
  1.8061428e-001 -7.3956098e-001
  1.8539173e-001 -7.3038737e-001
  1.9008358e-001 -1.1677584e+000
  1.7857764e-001 -1.0432360e+000
  1.7357079e-001 -7.8559066e-001
  1.7795361e-001 -1.2441051e+000
  1.7840674e-001 -9.3475303e-001
  1.7448510e-001 -9.9833738e-001
  1.8186973e-001 -7.0359722e-001
  1.8213143e-001 -7.8666112e-001
  1.8522965e-001 -1.1150603e+000
  1.8623152e-001 -6.6451820e-001
  1.8312008e-001 -6.4257508e-001
  1.7498385e-001 -7.8693562e-001
  1.7720590e-001 -1.0183488e+000
  1.8291674e-001 -9.3745475e-001
  1.9626153e-001 -1.1258301e+000
  1.7970545e-001 -6.9437055e-001
  1.8407930e-001 -1.1948108e+000
  1.7867875e-001 -9.6992042e-001
  1.8399842e-001 -7.3212562e-001
  1.9223948e-001 -1.1074595e+000
  1.7683118e-001 -8.2988107e-001
  1.7955116e-001 -5.8840099e-001
  1.8690082e-001 -1.2180870e+000
  1.7902728e-001 -5.8771836e-001
  1.9522601e-001 -6.4512697e-001
  1.7465203e-001 -7.3678497e-001
  1.8559112e-001 -8.6694555e-001
  1.7322292e-001 -7.4189404e-001
  1.8429045e-001 -6.6832832e-001
  1.8670356e-001 -9.4447725e-001
  1.7481585e-001 -7.6167988e-001
  2.3254505e-001 -8.4342487e-001
  2.3647151e-001 -5.6932528e-001
  2.4149268e-001 -1.0214190e+000
  2.4841023e-001 -5.4521633e-001
  2.4391215e-001 -8.5373656e-001
  2.3291436e-001 -9.7777865e-001
  2.4199265e-001 -7.1352902e-001
  2.4464407e-001 -1.1244911e+000
  2.3075706e-001 -8.7794602e-001
  2.4629742e-001 -9.5350079e-001
  2.2947128e-001 -9.6156979e-001
  2.3354933e-001 -1.2126976e+000
  2.4036497e-001 -1.0492954e+000
  2.4299108e-001 -1.0132230e+000
  2.3241640e-001 -9.6795435e-001
  2.3917870e-001 -1.3116323e+000
  2.4917971e-001 -1.2147780e+000
  2.3856188e-001 -7.7465330e-001
  2.3763232e-001 -1.0010855e+000
  2.2844102e-001 -8.5708227e-001
  2.3563109e-001 -1.0103860e+000
  2.3870854e-001 -1.2330377e+000
  2.4196992e-001 -1.2525388e+000
  2.3339436e-001 -7.9901301e-001
  2.4283162e-001 -1.0045346e+000
  2.4666790e-001 -1.0258950e+000
  2.3815229e-001 -1.0456736e+000
  2.3764520e-001 -7.6702832e-001
  2.4199465e-001 -8.1504343e-001
  2.3757451e-001 -9.1907590e-001
  2.4596086e-001 -8.3264486e-001
  2.4991982e-001 -1.2749070e+000
  2.3454597e-001 -6.9577532e-001
  2.3773971e-001 -8.8759338e-001
  2.3379307e-001 -1.3250346e+000
  2.3121150e-001 -1.3704556e+000
  2.4083366e-001 -8.8765551e-001
  2.4089735e-001 -8.3717107e-001
  2.4031918e-001 -8.1772348e-001
  2.4516055e-001 -8.8301764e-001
  2.3660464e-001 -1.3651507e+000
  2.3895959e-001 -1.3157746e+000
  2.4223941e-001 -8.4017412e-001
  2.2818181e-001 -9.0188644e-001
  2.3491096e-001 -1.3856123e+000
  2.2724249e-001 -1.1622185e+000
  2.5070641e-001 -7.1574666e-001
  2.2750449e-001 -9.4646366e-001
  2.4904606e-001 -1.1240877e+000
  2.4646967e-001 -1.0784610e+000
  2.4641596e-001 -1.0383038e+000
  2.4967866e-001 -1.0779995e+000
  2.4609744e-001 -9.4076205e-001
  2.2777563e-001 -1.1906158e+000
  2.3837775e-001 -8.2556153e-001
  2.4174811e-001 -1.0373022e+000
  2.4576928e-001 -1.2639768e+000
  2.3284668e-001 -8.8215769e-001
  2.4305493e-001 -1.4085889e+000
  2.3422814e-001 -1.0779059e+000
  2.3385375e-001 -7.5971486e-001
  2.3927466e-001 -7.8266896e-001
  2.4799181e-001 -9.8256629e-001
  2.3559122e-001 -7.7010820e-001
  2.4682293e-001 -1.2439268e+000
  2.3878151e-001 -1.3553155e+000
  2.3865682e-001 -9.3930561e-001
  2.3335576e-001 -1.3217004e+000
  2.4897179e-001 -8.1932683e-001
  5.3881823e-001 -9.9289528e-001
  5.3564828e-001 -7.9437736e-001
  5.2640069e-001 -9.5733731e-001
  5.2399408e-001 -1.0141483e+000
  5.3656596e-001 -1.3938365e+000
  5.3952041e-001 -1.0932377e+000
  5.2612087e-001 -1.4541378e+000
  5.2481482e-001 -1.2451676e+000
  5.3064652e-001 -1.6348578e+000
  5.2875197e-001 -1.5212810e+000
  5.3737027e-001 -1.4084280e+000
  5.2204735e-001 -1.3001386e+000
  5.2679033e-001 -1.7736011e+000
  5.4004692e-001 -2.0890627e+000
  5.3647586e-001 -1.4924002e+000
  5.3146882e-001 -2.0609564e+000
  5.3803506e-001 -1.5972699e+000
  5.2967997e-001 -2.0437496e+000
  5.4291133e-001 -2.2989409e+000
  5.2873164e-001 -2.1211153e+000
  5.4157531e-001 -2.4221178e+000
  5.4362686e-001 -2.3034801e+000
  5.4406888e-001 -2.2356524e+000
  5.4002786e-001 -2.2023356e+000
  5.3656918e-001 -1.9768263e+000
  5.2878873e-001 -2.2589091e+000
  5.2968844e-001 -2.3953482e+000
  5.3368130e-001 -2.2262758e+000
  5.2525182e-001 -2.4571442e+000
  5.2425746e-001 -2.5840110e+000
  5.3892909e-001 -2.0484714e+000
  5.3858346e-001 -2.5564973e+000
  5.3173076e-001 -2.3502898e+000
  5.2922103e-001 -2.4447524e+000
  5.4198835e-001 -2.7220141e+000
  5.2592742e-001 -2.4932702e+000
  5.3312756e-001 -2.5906500e+000
  5.2179219e-001 -2.1319035e+000
  5.4014355e-001 -2.6132377e+000
  5.2820796e-001 -2.6499200e+000
  5.3554621e-001 -2.4090028e+000
  5.3172925e-001 -2.1927201e+000
  5.3699156e-001 -2.6136877e+000
  5.3240937e-001 -2.4519769e+000
  5.3464489e-001 -2.2546276e+000
  5.2314023e-001 -2.3791096e+000
  5.3552903e-001 -2.6663852e+000
  5.4415941e-001 -2.7694592e+000
  5.4297697e-001 -2.1401088e+000
  5.2505341e-001 -2.4914661e+000
  5.3247826e-001 -2.3117740e+000
  5.2827169e-001 -2.4172557e+000
  5.4248027e-001 -2.6801873e+000
  5.3312991e-001 -2.1771687e+000
  5.3814313e-001 -2.5179630e+000
  5.3802419e-001 -2.1887812e+000
  5.3996408e-001 -2.6690983e+000
  5.3574881e-001 -2.1440627e+000
  5.3610483e-001 -2.6799058e+000
  5.3923615e-001 -2.7528962e+000
  5.3401550e-001 -2.3920330e+000
  5.4311489e-001 -2.6574454e+000
  5.4287707e-001 -2.7395528e+000
  5.4013527e-001 -2.3257230e+000
  5.2992197e-001 -2.6315769e+000
  5.4038811e-001 -2.2049827e+000
  5.2979110e-001 -2.7287529e+000
  5.2554019e-001 -2.3453115e+000
  5.2279847e-001 -2.2253987e+000
  2.2410158e-001 -2.5230018e+000
  2.1681759e-001 -2.6344472e+000
  2.3525300e-001 -2.5234241e+000
  2.2429715e-001 -2.4471345e+000
  2.3249737e-001 -2.2062887e+000
  2.1457090e-001 -2.3717171e+000
  2.2532092e-001 -2.3358870e+000
  2.1647313e-001 -2.2617550e+000
  2.1217402e-001 -2.1595829e+000
  2.2669252e-001 -1.8168948e+000
  2.1848052e-001 -1.9309892e+000
  2.2132404e-001 -1.5838455e+000
  2.1471116e-001 -1.4985290e+000
  2.2111786e-001 -1.6231133e+000
  2.1379895e-001 -1.6447308e+000
  2.1755296e-001 -1.4181769e+000
  2.2893748e-001 -1.4763603e+000
  2.2270022e-001 -1.7388785e+000
  2.2099479e-001 -1.1820538e+000
  2.1315044e-001 -1.3430770e+000
  2.3286338e-001 -1.6267997e+000
  2.2597914e-001 -1.6566296e+000
  2.1298895e-001 -1.3088556e+000
  2.1781509e-001 -1.4499590e+000
  2.2504017e-001 -1.2167141e+000
  2.1395070e-001 -1.0521252e+000
  2.2322544e-001 -1.4875579e+000
  2.2710599e-001 -1.3293104e+000
  2.2274862e-001 -1.4881468e+000
  2.2602490e-001 -1.0145496e+000
  2.1843831e-001 -1.1768205e+000
  2.3052924e-001 -9.4965574e-001
  2.3407127e-001 -1.0408126e+000
  2.2804722e-001 -1.2901637e+000
  2.3124571e-001 -1.0082000e+000
  2.3217372e-001 -1.3386170e+000
  2.1733972e-001 -9.8845232e-001
  2.3437143e-001 -1.1748657e+000
  2.2214421e-001 -7.4925243e-001
  2.2225582e-001 -1.0708200e+000
  2.2450534e-001 -1.0811625e+000
  2.2157382e-001 -1.3207864e+000
  2.1425054e-001 -8.6530002e-001
  2.1564508e-001 -1.2472506e+000
  2.2113999e-001 -1.1053393e+000
  2.2537864e-001 -9.9932602e-001
  2.2927506e-001 -1.1917345e+000
  2.2830033e-001 -1.2988282e+000
  2.2200618e-001 -7.0117751e-001
  2.2024543e-001 -1.2097684e+000
  2.2921134e-001 -1.0169079e+000
  2.2821920e-001 -1.2406319e+000
  2.2257785e-001 -8.7834992e-001
  2.1822414e-001 -1.1587764e+000
  2.2960996e-001 -6.9472365e-001
  2.1546868e-001 -9.9928290e-001
  2.1645604e-001 -1.0680470e+000
  2.3180828e-001 -8.9849663e-001
  2.1635578e-001 -1.0748331e+000
  2.2203740e-001 -8.5163889e-001
  2.3061030e-001 -7.9454519e-001
  2.2271863e-001 -8.1261873e-001
  2.3172531e-001 -8.8831607e-001
  2.1191854e-001 -1.2640365e+000
  2.3428744e-001 -1.2613739e+000
  2.3121221e-001 -8.0635829e-001
  2.2279806e-001 -9.1230812e-001
  2.3124819e-001 -9.8543464e-001
  2.1359788e-001 -1.1834206e+000
  7.6527386e-001 -7.4458233e-001
  7.5953830e-001 -6.6413943e-001
  7.6485950e-001 -1.1455745e+000
  7.6485730e-001 -1.1811814e+000
  7.6869834e-001 -1.4497778e+000
  7.6664331e-001 -1.5666035e+000
  7.7267432e-001 -1.9840974e+000
  7.5854596e-001 -2.0261871e+000
  7.5671505e-001 -1.9090581e+000
  7.6800119e-001 -2.2146196e+000
  7.7868148e-001 -2.2805737e+000
  7.7085167e-001 -2.5957030e+000
  7.7357376e-001 -2.6411872e+000
  7.5668974e-001 -3.2729252e+000
  7.7715666e-001 -3.1440738e+000
  7.7602064e-001 -3.3591638e+000
  7.7336662e-001 -3.0383598e+000
  7.6551149e-001 -3.8087444e+000
  7.6552169e-001 -3.7382492e+000
  7.7086652e-001 -3.4055516e+000
  7.7514937e-001 -3.5778078e+000
  7.6128643e-001 -3.9339035e+000
  7.7375126e-001 -3.7914694e+000
  7.7846022e-001 -4.3175206e+000
  7.6126663e-001 -4.0457879e+000
  7.6781529e-001 -4.0232654e+000
  7.7802534e-001 -4.5040473e+000
  7.7665672e-001 -4.1438985e+000
  7.6028757e-001 -4.2832019e+000
  7.7092367e-001 -4.4194554e+000
  7.6843620e-001 -4.2543771e+000
  7.7378697e-001 -4.5674868e+000
  7.7397669e-001 -4.6874632e+000
  7.6791365e-001 -4.8193916e+000
  7.6721394e-001 -4.2990744e+000
  7.6594380e-001 -4.8877785e+000
  7.6887215e-001 -4.3676795e+000
  7.6798318e-001 -4.9414066e+000
  7.6574833e-001 -5.0327440e+000
  7.7282136e-001 -4.5961789e+000
  7.7235391e-001 -5.0539548e+000
  7.6633024e-001 -4.5282215e+000
  7.7541416e-001 -4.9678853e+000
  7.7905841e-001 -4.5632131e+000
  7.5657581e-001 -4.7157555e+000
  7.7152267e-001 -5.0914944e+000
  7.7087812e-001 -4.9943081e+000
  7.6152139e-001 -4.6886834e+000
  7.6580613e-001 -5.0271986e+000
  7.7908634e-001 -4.9788936e+000
  7.6356665e-001 -4.8817478e+000
  7.5753831e-001 -4.7273172e+000
  7.7077295e-001 -4.9121585e+000
  7.7031205e-001 -5.1366725e+000
  7.6589790e-001 -4.9713343e+000
  7.6778217e-001 -4.5215488e+000
  7.6880058e-001 -4.6035217e+000
  7.6898916e-001 -4.5216635e+000
  7.7140694e-001 -5.0579698e+000
  7.7385753e-001 -4.5677850e+000
  7.5616498e-001 -5.0738491e+000
  7.5934970e-001 -4.7754465e+000
  7.7735731e-001 -4.7975900e+000
  7.6098373e-001 -5.0801531e+000
  7.7146656e-001 -4.6405865e+000
  7.6293574e-001 -5.0697222e+000
  7.7029687e-001 -5.1898159e+000
  7.7589221e-001 -4.5752420e+000
  7.6494034e-001 -4.6374874e+000
  9.6247608e-001 -5.0345794e+000
  9.7190604e-001 -5.1783657e+000
  9.5665713e-001 -4.6165573e+000
  9.5591470e-001 -4.7119956e+000
  9.6946268e-001 -4.9136975e+000
  9.7055901e-001 -5.1431692e+000
  9.6647529e-001 -5.3758852e+000
  9.6694564e-001 -5.8443980e+000
  9.6476482e-001 -5.6399658e+000
  9.6496832e-001 -5.8195253e+000
  9.5810918e-001 -5.8499459e+000
  9.5838605e-001 -6.0477005e+000
  9.5066289e-001 -6.4621407e+000
  9.4990988e-001 -6.7477206e+000
  9.6286586e-001 -6.8929507e+000
  9.6037356e-001 -6.5913367e+000
  9.6643064e-001 -7.1263521e+000
  9.6578517e-001 -7.1713297e+000
  9.5562834e-001 -7.3886045e+000
  9.6134368e-001 -7.3994113e+000
  9.5339899e-001 -7.6176364e+000
  9.7244288e-001 -7.1898141e+000
  9.5438917e-001 -7.4360650e+000
  9.5341843e-001 -7.8284895e+000
  9.5550533e-001 -7.7958973e+000
  9.6616504e-001 -7.4612527e+000
  9.7319035e-001 -8.1202357e+000
  9.6126690e-001 -7.9722488e+000
  9.6995507e-001 -7.8769807e+000
  9.6086356e-001 -7.7395536e+000
  9.5115530e-001 -8.0513495e+000
  9.5575530e-001 -7.7760002e+000
  9.5289218e-001 -8.1019157e+000
  9.7089004e-001 -8.2897977e+000
  9.6680622e-001 -8.3928401e+000
  9.5629771e-001 -8.3364451e+000
  9.5857112e-001 -7.9240303e+000
  9.7003812e-001 -8.3154512e+000
  9.6117765e-001 -8.2653617e+000
  9.6977907e-001 -8.3728032e+000
  9.6049890e-001 -8.3223059e+000
  9.5844340e-001 -8.0097936e+000
  9.5234970e-001 -7.9524046e+000
  9.5478923e-001 -8.0360526e+000
  9.6104580e-001 -8.6430786e+000
  9.5016286e-001 -8.0565784e+000
  9.6896296e-001 -8.1575852e+000
  9.6724581e-001 -8.1584659e+000
  9.6106061e-001 -8.0067036e+000
  9.5073647e-001 -8.2212301e+000
  9.5497780e-001 -8.2383136e+000
  9.6111109e-001 -8.6726698e+000
  9.6882977e-001 -8.4664575e+000
  9.6796329e-001 -8.0965406e+000
  9.5045683e-001 -8.4215868e+000
  9.5179710e-001 -8.6993112e+000
  9.6144793e-001 -8.2708283e+000
  9.6615989e-001 -8.5330467e+000
  9.5487815e-001 -8.3832076e+000
  9.6374483e-001 -8.3961315e+000
  9.5783140e-001 -8.6144967e+000
  9.6443506e-001 -8.3493302e+000
  9.6235047e-001 -8.3130318e+000
  9.7009104e-001 -8.4621936e+000
  9.5449635e-001 -8.4280027e+000
  9.5564801e-001 -8.2401647e+000
  9.6170806e-001 -8.1767446e+000
  9.6940501e-001 -8.7008390e+000
  9.6338807e-001 -8.2609822e+000
 -9.4859364e-001 -8.1137884e+000
 -9.3114258e-001 -8.6701610e+000
 -9.3466094e-001 -7.8764856e+000
 -9.2942275e-001 -7.1006532e+000
 -9.4754887e-001 -5.4831150e+000
 -9.3974568e-001 -4.3418411e+000
 -9.3921450e-001 -2.5826572e+000
 -9.4837254e-001 -1.6324888e+000
 -9.4932692e-001  1.5223542e-002
 -9.3735034e-001  2.1095671e+000
 -9.4044481e-001  3.5259573e+000
 -9.4836357e-001  5.1197294e+000
 -9.3120182e-001  6.7247893e+000
 -9.4535473e-001  7.8561612e+000
 -9.4072845e-001  8.9208714e+000
 -9.3927303e-001  1.0393924e+001
 -9.3821783e-001  1.1401771e+001
 -9.5033151e-001  1.2764152e+001
 -9.4271985e-001  1.3399138e+001
 -9.4270444e-001  1.4835366e+001
 -9.4964980e-001  1.5309135e+001
 -9.3618972e-001  1.6126748e+001
 -9.4147614e-001  1.7153397e+001
 -9.5156220e-001  1.7719047e+001
 -9.3531165e-001  1.8383088e+001
 -9.4100744e-001  1.8703798e+001
 -9.3489274e-001  1.9273249e+001
 -9.4605322e-001  1.9730884e+001
 -9.4991998e-001  2.0165518e+001
 -9.3459546e-001  2.0502732e+001
 -9.5230487e-001  2.0768617e+001
 -9.3006126e-001  2.1391316e+001
 -9.3507697e-001  2.1903252e+001
 -9.4350747e-001  2.2156869e+001
 -9.4489983e-001  2.2024688e+001
 -9.3021637e-001  2.2106013e+001
 -9.3651474e-001  2.2764417e+001
 -9.4637443e-001  2.2386850e+001
 -9.4235174e-001  2.2865525e+001
 -9.4339830e-001  2.2727851e+001
 -9.3230459e-001  2.2854203e+001
 -9.2876713e-001  2.3053108e+001
 -9.3381748e-001  2.3348975e+001
 -9.5162763e-001  2.3742691e+001
 -9.4093708e-001  2.3159534e+001
 -9.5137143e-001  2.3387070e+001
 -9.3797737e-001  2.3687258e+001
 -9.4591757e-001  2.3808493e+001
 -9.4735986e-001  2.3758160e+001
 -9.4624278e-001  2.3523079e+001
 -9.3192921e-001  2.3780061e+001
 -9.4501081e-001  2.4040171e+001
 -9.3342640e-001  2.3603831e+001
 -9.4740668e-001  2.3736186e+001
 -9.2895045e-001  2.4066985e+001
 -9.3444066e-001  2.4224574e+001
 -9.3887921e-001  2.3661435e+001
 -6.1607552e-001  2.3866007e+001
